     0.10000     0.00000     0.00557     0.00001     0.00000     0.00001    -0.00002     0.00000     0.00000     0.00000     0.00041
     0.20000     0.00000     0.02162     0.00007     0.00000     0.00009    -0.00015     0.00000    -0.00004     0.00000     0.00135
     0.30000     0.00000     0.04646     0.00018     0.00000     0.00031    -0.00035     0.00000    -0.00023     0.00000     0.00206
     0.40000     0.00000     0.07029     0.00037     0.00000     0.00074    -0.00040     0.00000    -0.00075     0.00000     0.00109
     0.50000     0.00000     0.08741     0.00064     0.00000     0.00132     0.00001     0.00000    -0.00151     0.00000    -0.00176
     0.60000     0.00000     0.09670     0.00091     0.00000     0.00194     0.00088     0.00000    -0.00220     0.00000    -0.00527
     0.70000     0.00000     0.09776     0.00117     0.00000     0.00256     0.00182     0.00000    -0.00248     0.00000    -0.00782
     0.80000     0.00000     0.09082     0.00143     0.00000     0.00314     0.00223     0.00000    -0.00213     0.00000    -0.00821
     0.90000     0.00000     0.07671     0.00172     0.00000     0.00369     0.00162     0.00000    -0.00114     0.00000    -0.00620
     1.00000     0.00000     0.05672     0.00201     0.00000     0.00418    -0.00001     0.00000     0.00025     0.00000    -0.00255
     1.10000     0.00000     0.03260     0.00223     0.00000     0.00453    -0.00209     0.00000     0.00170     0.00000     0.00144
     1.20000     0.00000     0.00635     0.00227     0.00000     0.00463    -0.00372     0.00000     0.00287     0.00000     0.00454
     1.30000     0.00000    -0.01983     0.00203     0.00000     0.00437    -0.00404     0.00000     0.00345     0.00000     0.00602
     1.40000     0.00000    -0.04380     0.00148     0.00000     0.00368    -0.00275     0.00000     0.00327     0.00000     0.00582
     1.50000     0.00000    -0.06362     0.00073     0.00000     0.00261    -0.00024     0.00000     0.00232     0.00000     0.00434
     1.60000     0.00000    -0.07767    -0.00007     0.00000     0.00127     0.00253     0.00000     0.00078     0.00000     0.00224
     1.70000     0.00000    -0.08486    -0.00071     0.00000    -0.00013     0.00444     0.00000    -0.00102     0.00000     0.00020
     1.80000     0.00000    -0.08465    -0.00105     0.00000    -0.00133     0.00469     0.00000    -0.00258     0.00000    -0.00119
     1.90000     0.00000    -0.07718    -0.00098     0.00000    -0.00208     0.00312     0.00000    -0.00348     0.00000    -0.00154
     2.00000     0.00000    -0.06321    -0.00047     0.00000    -0.00222     0.00028     0.00000    -0.00340     0.00000    -0.00080
     2.10000     0.00000    -0.04414     0.00039     0.00000    -0.00169    -0.00274     0.00000    -0.00239     0.00000     0.00067
     2.20000     0.00000    -0.02181     0.00140     0.00000    -0.00057    -0.00470     0.00000    -0.00076     0.00000     0.00213
     2.30000     0.00000     0.00168     0.00227     0.00000     0.00094    -0.00476     0.00000     0.00094     0.00000     0.00279
     2.40000     0.00000     0.02427     0.00274     0.00000     0.00252    -0.00280     0.00000     0.00217     0.00000     0.00220
     2.50000     0.00000     0.04415     0.00263     0.00000     0.00387     0.00043     0.00000     0.00260     0.00000     0.00053
     2.60000     0.00000     0.05984     0.00191     0.00000     0.00475     0.00361     0.00000     0.00219     0.00000    -0.00154
     2.70000     0.00000     0.07026     0.00076     0.00000     0.00503     0.00542     0.00000     0.00118     0.00000    -0.00317
     2.80000     0.00000     0.07472    -0.00050     0.00000     0.00469     0.00504     0.00000    -0.00004     0.00000    -0.00386
     2.90000     0.00000     0.07293    -0.00151     0.00000     0.00381     0.00258     0.00000    -0.00108     0.00000    -0.00364
     3.00000     0.00000     0.06508    -0.00198     0.00000     0.00257    -0.00097     0.00000    -0.00166     0.00000    -0.00292
     3.10000     0.00000     0.05187    -0.00175     0.00000     0.00115    -0.00411     0.00000    -0.00168     0.00000    -0.00217
     3.20000     0.00000     0.03453    -0.00086     0.00000    -0.00022    -0.00547     0.00000    -0.00119     0.00000    -0.00153
     3.30000     0.00000     0.01467     0.00042     0.00000    -0.00134    -0.00451     0.00000    -0.00038     0.00000    -0.00080
     3.40000     0.00000    -0.00590     0.00175     0.00000    -0.00206    -0.00170     0.00000     0.00055     0.00000     0.00029
     3.50000     0.00000    -0.02537     0.00279     0.00000    -0.00226     0.00165     0.00000     0.00137     0.00000     0.00173
     3.60000     0.00000    -0.04216     0.00331     0.00000    -0.00192     0.00407     0.00000     0.00189     0.00000     0.00309
     3.70000     0.00000    -0.05500     0.00316     0.00000    -0.00111     0.00456     0.00000     0.00196     0.00000     0.00373
     3.80000     0.00000    -0.06299     0.00238     0.00000     0.00003     0.00303     0.00000     0.00152     0.00000     0.00324
     3.90000     0.00000    -0.06558     0.00111     0.00000     0.00127     0.00030     0.00000     0.00061     0.00000     0.00173
     4.00000     0.00000    -0.06265    -0.00035     0.00000     0.00241    -0.00236     0.00000    -0.00058     0.00000    -0.00006
     4.10000     0.00000    -0.05448    -0.00161     0.00000     0.00326    -0.00375     0.00000    -0.00176     0.00000    -0.00117
     4.20000     0.00000    -0.04182    -0.00234     0.00000     0.00371    -0.00337     0.00000    -0.00261     0.00000    -0.00095
     4.30000     0.00000    -0.02584    -0.00233     0.00000     0.00375    -0.00153     0.00000    -0.00288     0.00000     0.00057
     4.40000     0.00000    -0.00805    -0.00163     0.00000     0.00339     0.00083     0.00000    -0.00244     0.00000     0.00260
     4.50000     0.00000     0.00990    -0.00045     0.00000     0.00272     0.00265     0.00000    -0.00140     0.00000     0.00400
     4.60000     0.00000     0.02644     0.00083     0.00000     0.00183     0.00324     0.00000     0.00003     0.00000     0.00382
     4.70000     0.00000     0.04023     0.00187     0.00000     0.00079     0.00250     0.00000     0.00151     0.00000     0.00178
     4.80000     0.00000     0.05023     0.00239     0.00000    -0.00026     0.00094     0.00000     0.00273     0.00000    -0.00159
     4.90000     0.00000     0.05577     0.00228     0.00000    -0.00123    -0.00069     0.00000     0.00345     0.00000    -0.00515
     5.00000     0.00000     0.05655     0.00163     0.00000    -0.00196    -0.00170     0.00000     0.00350     0.00000    -0.00760
     5.10000     0.00000     0.05264     0.00069     0.00000    -0.00232    -0.00182     0.00000     0.00288     0.00000    -0.00798
     5.20000     0.00000     0.04444    -0.00023     0.00000    -0.00223    -0.00120     0.00000     0.00168     0.00000    -0.00602
     5.30000     0.00000     0.03273    -0.00083     0.00000    -0.00166    -0.00033     0.00000     0.00014     0.00000    -0.00228
     5.40000     0.00000     0.01854    -0.00096     0.00000    -0.00069     0.00030     0.00000    -0.00145     0.00000     0.00207
     5.50000     0.00000     0.00311    -0.00064     0.00000     0.00053     0.00041     0.00000    -0.00276     0.00000     0.00564
     5.60000     0.00000    -0.01225    -0.00003     0.00000     0.00176     0.00009     0.00000    -0.00354     0.00000     0.00728
     5.70000     0.00000    -0.02628     0.00064     0.00000     0.00279    -0.00033     0.00000    -0.00366     0.00000     0.00652
     5.80000     0.00000    -0.03783     0.00111     0.00000     0.00343    -0.00045     0.00000    -0.00311     0.00000     0.00370
     5.90000     0.00000    -0.04600     0.00124     0.00000     0.00357    -0.00008     0.00000    -0.00202     0.00000    -0.00012
     6.00000     0.00000    -0.05012     0.00099     0.00000     0.00322     0.00067     0.00000    -0.00059     0.00000    -0.00352
     6.10000     0.00000    -0.04988     0.00049     0.00000     0.00249     0.00138     0.00000     0.00095     0.00000    -0.00523
     6.20000     0.00000    -0.04534    -0.00007     0.00000     0.00156     0.00157     0.00000     0.00235     0.00000    -0.00460
     6.30000     0.00000    -0.03696    -0.00045     0.00000     0.00062     0.00096     0.00000     0.00340     0.00000    -0.00185
     6.40000     0.00000    -0.02556    -0.00052     0.00000    -0.00016    -0.00035     0.00000     0.00393     0.00000     0.00196
     6.50000     0.00000    -0.01228    -0.00023     0.00000    -0.00071    -0.00185     0.00000     0.00380     0.00000     0.00534
     6.60000     0.00000     0.00160     0.00029     0.00000    -0.00103    -0.00279     0.00000     0.00297     0.00000     0.00692
     6.70000     0.00000     0.01484     0.00082     0.00000    -0.00119    -0.00255     0.00000     0.00156     0.00000     0.00601
     6.80000     0.00000     0.02633     0.00113     0.00000    -0.00127    -0.00102     0.00000    -0.00021     0.00000     0.00291
     6.90000     0.00000     0.03523     0.00102     0.00000    -0.00133     0.00129     0.00000    -0.00197     0.00000    -0.00127
     7.00000     0.00000     0.04094     0.00051     0.00000    -0.00134     0.00343     0.00000    -0.00336     0.00000    -0.00502
     7.10000     0.00000     0.04314    -0.00026     0.00000    -0.00124     0.00436     0.00000    -0.00408     0.00000    -0.00713
     7.20000     0.00000     0.04174    -0.00102     0.00000    -0.00092     0.00353     0.00000    -0.00398     0.00000    -0.00708
     7.30000     0.00000     0.03690    -0.00149     0.00000    -0.00033     0.00110     0.00000    -0.00308     0.00000    -0.00517
     7.40000     0.00000     0.02907    -0.00144     0.00000     0.00054    -0.00201     0.00000    -0.00158     0.00000    -0.00228
     7.50000     0.00000     0.01896    -0.00082     0.00000     0.00158    -0.00450     0.00000     0.00022     0.00000     0.00061
     7.60000     0.00000     0.00747     0.00023     0.00000     0.00261    -0.00524     0.00000     0.00193     0.00000     0.00277
     7.70000     0.00000    -0.00438     0.00140     0.00000     0.00343    -0.00385     0.00000     0.00320     0.00000     0.00387
     7.80000     0.00000    -0.01559     0.00235     0.00000     0.00384    -0.00086     0.00000     0.00377     0.00000     0.00394
     7.90000     0.00000    -0.02524     0.00278     0.00000     0.00371     0.00248     0.00000     0.00350     0.00000     0.00318
     8.00000     0.00000    -0.03262     0.00253     0.00000     0.00302     0.00477     0.00000     0.00249     0.00000     0.00187
     8.10000     0.00000    -0.03716     0.00162     0.00000     0.00182     0.00510     0.00000     0.00096     0.00000     0.00033
     8.20000     0.00000    -0.03851     0.00024     0.00000     0.00027     0.00334     0.00000    -0.00070     0.00000    -0.00103
     8.30000     0.00000    -0.03654    -0.00124     0.00000    -0.00137     0.00026     0.00000    -0.00208     0.00000    -0.00178
     8.40000     0.00000    -0.03143    -0.00243     0.00000    -0.00281    -0.00286     0.00000    -0.00284     0.00000    -0.00161
     8.50000     0.00000    -0.02361    -0.00294     0.00000    -0.00377    -0.00472     0.00000    -0.00281     0.00000    -0.00050
     8.60000     0.00000    -0.01387    -0.00259     0.00000    -0.00402    -0.00458     0.00000    -0.00205     0.00000     0.00116
     8.70000     0.00000    -0.00318    -0.00146     0.00000    -0.00351    -0.00253     0.00000    -0.00083     0.00000     0.00267
     8.80000     0.00000     0.00743     0.00011     0.00000    -0.00233     0.00053     0.00000     0.00045     0.00000     0.00332
     8.90000     0.00000     0.01700     0.00164     0.00000    -0.00070     0.00334     0.00000     0.00145     0.00000     0.00271
     9.00000     0.00000     0.02479     0.00269     0.00000     0.00105     0.00479     0.00000     0.00189     0.00000     0.00091
     9.10000     0.00000     0.03026     0.00298     0.00000     0.00261     0.00433     0.00000     0.00173     0.00000    -0.00157
     9.20000     0.00000     0.03312     0.00245     0.00000     0.00372     0.00219     0.00000     0.00107     0.00000    -0.00398
     9.30000     0.00000     0.03324     0.00127     0.00000     0.00422    -0.00074     0.00000     0.00014     0.00000    -0.00554
     9.40000     0.00000     0.03068    -0.00020     0.00000     0.00405    -0.00327     0.00000    -0.00078     0.00000    -0.00573
     9.50000     0.00000     0.02570    -0.00150     0.00000     0.00328    -0.00441     0.00000    -0.00145     0.00000    -0.00435
     9.60000     0.00000     0.01871    -0.00225     0.00000     0.00211    -0.00377     0.00000    -0.00171     0.00000    -0.00168
     9.70000     0.00000     0.01031    -0.00223     0.00000     0.00075    -0.00173     0.00000    -0.00149     0.00000     0.00163
     9.80000     0.00000     0.00123    -0.00151     0.00000    -0.00056     0.00079     0.00000    -0.00087     0.00000     0.00465
     9.90000     0.00000    -0.00779    -0.00033     0.00000    -0.00164     0.00276     0.00000     0.00000     0.00000     0.00640
    10.00000     0.00000    -0.01601     0.00093     0.00000    -0.00237     0.00345     0.00000     0.00093     0.00000     0.00620
    10.10000     0.00000    -0.02276     0.00187     0.00000    -0.00271     0.00274     0.00000     0.00170     0.00000     0.00395
    10.20000     0.00000    -0.02749     0.00222     0.00000    -0.00270     0.00109     0.00000     0.00212     0.00000     0.00031
    10.30000     0.00000    -0.02979     0.00189     0.00000    -0.00236    -0.00072     0.00000     0.00209     0.00000    -0.00349
    10.40000     0.00000    -0.02944     0.00100     0.00000    -0.00175    -0.00192     0.00000     0.00158     0.00000    -0.00602
    10.50000     0.00000    -0.02646    -0.00012     0.00000    -0.00092    -0.00215     0.00000     0.00070     0.00000    -0.00622
    10.60000     0.00000    -0.02114    -0.00108     0.00000     0.00007    -0.00152     0.00000    -0.00040     0.00000    -0.00389
    10.70000     0.00000    -0.01405    -0.00159     0.00000     0.00115    -0.00050     0.00000    -0.00151     0.00000     0.00018
    10.80000     0.00000    -0.00593    -0.00149     0.00000     0.00216     0.00037     0.00000    -0.00241     0.00000     0.00446
    10.90000     0.00000     0.00239    -0.00086     0.00000     0.00296     0.00075     0.00000    -0.00291     0.00000     0.00728
    11.00000     0.00000     0.01013     0.00003     0.00000     0.00338     0.00067     0.00000    -0.00287     0.00000     0.00747
    11.10000     0.00000     0.01665     0.00085     0.00000     0.00328     0.00041     0.00000    -0.00226     0.00000     0.00487
    11.20000     0.00000     0.02151     0.00130     0.00000     0.00263     0.00031     0.00000    -0.00114     0.00000     0.00037
    11.30000     0.00000     0.02443     0.00121     0.00000     0.00151     0.00051     0.00000     0.00033     0.00000    -0.00442
    11.40000     0.00000     0.02532     0.00065     0.00000     0.00013     0.00087     0.00000     0.00186     0.00000    -0.00778
    11.50000     0.00000     0.02420    -0.00016     0.00000    -0.00125     0.00105     0.00000     0.00313     0.00000    -0.00856
    11.60000     0.00000     0.02119    -0.00090     0.00000    -0.00233     0.00071     0.00000     0.00386     0.00000    -0.00656
    11.70000     0.00000     0.01653    -0.00127     0.00000    -0.00292    -0.00020     0.00000     0.00384     0.00000    -0.00257
    11.80000     0.00000     0.01058    -0.00110     0.00000    -0.00292    -0.00142     0.00000     0.00304     0.00000     0.00198
    11.90000     0.00000     0.00383    -0.00043     0.00000    -0.00238    -0.00238     0.00000     0.00158     0.00000     0.00556
    12.00000     0.00000    -0.00318     0.00052     0.00000    -0.00146    -0.00254     0.00000    -0.00025     0.00000     0.00708
    12.10000     0.00000    -0.00986     0.00140     0.00000    -0.00039    -0.00162     0.00000    -0.00211     0.00000     0.00621
    12.20000     0.00000    -0.01562     0.00190     0.00000     0.00059     0.00015     0.00000    -0.00361     0.00000     0.00345
    12.30000     0.00000    -0.01997     0.00181     0.00000     0.00133     0.00213     0.00000    -0.00444     0.00000    -0.00015
    12.40000     0.00000    -0.02253     0.00112     0.00000     0.00175     0.00346     0.00000    -0.00441     0.00000    -0.00331
    12.50000     0.00000    -0.02306     0.00003     0.00000     0.00188     0.00351     0.00000    -0.00351     0.00000    -0.00504
    12.60000     0.00000    -0.02154    -0.00115     0.00000     0.00179     0.00212     0.00000    -0.00189     0.00000    -0.00486
    12.70000     0.00000    -0.01813    -0.00203     0.00000     0.00159    -0.00027     0.00000     0.00015     0.00000    -0.00295
    12.80000     0.00000    -0.01318    -0.00231     0.00000     0.00135    -0.00272     0.00000     0.00218     0.00000    -0.00007
    12.90000     0.00000    -0.00722    -0.00186     0.00000     0.00113    -0.00421     0.00000     0.00380     0.00000     0.00274
    13.00000     0.00000    -0.00086    -0.00078     0.00000     0.00089    -0.00403     0.00000     0.00466     0.00000     0.00452
    13.10000     0.00000     0.00531     0.00060     0.00000     0.00059    -0.00216     0.00000     0.00458     0.00000     0.00474
    13.20000     0.00000     0.01078     0.00183     0.00000     0.00016     0.00070     0.00000     0.00358     0.00000     0.00342
    13.30000     0.00000     0.01513     0.00254     0.00000    -0.00042     0.00339     0.00000     0.00189     0.00000     0.00112
    13.40000     0.00000     0.01810     0.00251     0.00000    -0.00110     0.00479     0.00000    -0.00014     0.00000    -0.00139
    13.50000     0.00000     0.01952     0.00174     0.00000    -0.00179     0.00429     0.00000    -0.00207     0.00000    -0.00336
    13.60000     0.00000     0.01932     0.00044     0.00000    -0.00234     0.00204     0.00000    -0.00352     0.00000    -0.00433
    13.70000     0.00000     0.01753    -0.00100     0.00000    -0.00259    -0.00107     0.00000    -0.00420     0.00000    -0.00417
    13.80000     0.00000     0.01433    -0.00216     0.00000    -0.00243    -0.00375     0.00000    -0.00400     0.00000    -0.00303
    13.90000     0.00000     0.00999    -0.00267     0.00000    -0.00180    -0.00489     0.00000    -0.00301     0.00000    -0.00126
    14.00000     0.00000     0.00491    -0.00238     0.00000    -0.00075    -0.00400     0.00000    -0.00146     0.00000     0.00075
    14.10000     0.00000    -0.00047    -0.00138     0.00000     0.00057    -0.00150     0.00000     0.00031     0.00000     0.00255
    14.20000     0.00000    -0.00568     0.00003     0.00000     0.00196     0.00153     0.00000     0.00191     0.00000     0.00369
    14.30000     0.00000    -0.01032     0.00143     0.00000     0.00314     0.00383     0.00000     0.00301     0.00000     0.00378
    14.40000     0.00000    -0.01403     0.00243     0.00000     0.00389     0.00448     0.00000     0.00339     0.00000     0.00267
    14.50000     0.00000    -0.01655     0.00274     0.00000     0.00401     0.00330     0.00000     0.00301     0.00000     0.00057
    14.60000     0.00000    -0.01768     0.00228     0.00000     0.00344     0.00085     0.00000     0.00199     0.00000    -0.00187
    14.70000     0.00000    -0.01730     0.00118     0.00000     0.00223    -0.00179     0.00000     0.00062     0.00000    -0.00375
    14.80000     0.00000    -0.01541    -0.00023     0.00000     0.00057    -0.00355     0.00000    -0.00076     0.00000    -0.00424
    14.90000     0.00000    -0.01214    -0.00149     0.00000    -0.00121    -0.00376     0.00000    -0.00181     0.00000    -0.00293
    15.00000     0.00000    -0.00779    -0.00223     0.00000    -0.00277    -0.00249     0.00000    -0.00229     0.00000    -0.00009
    15.10000     0.00000    -0.00284    -0.00225     0.00000    -0.00379    -0.00039     0.00000    -0.00214     0.00000     0.00329
    15.20000     0.00000     0.00219    -0.00158     0.00000    -0.00409     0.00163     0.00000    -0.00147     0.00000     0.00590
    15.30000     0.00000     0.00679    -0.00049     0.00000    -0.00367     0.00280     0.00000    -0.00050     0.00000     0.00659
    15.40000     0.00000     0.01052     0.00064     0.00000    -0.00266     0.00281     0.00000     0.00048     0.00000     0.00485
    15.50000     0.00000     0.01313     0.00144     0.00000    -0.00129     0.00185     0.00000     0.00122     0.00000     0.00109
    15.60000     0.00000     0.01452     0.00168     0.00000     0.00016     0.00047     0.00000     0.00156     0.00000    -0.00350
    15.70000     0.00000     0.01469     0.00131     0.00000     0.00145    -0.00073     0.00000     0.00144     0.00000    -0.00732
    15.80000     0.00000     0.01375     0.00051     0.00000     0.00241    -0.00136     0.00000     0.00093     0.00000    -0.00896
    15.90000     0.00000     0.01184    -0.00039     0.00000     0.00299    -0.00139     0.00000     0.00017     0.00000    -0.00775
    16.00000     0.00000     0.00912    -0.00103     0.00000     0.00316    -0.00104     0.00000    -0.00064     0.00000    -0.00398
    16.10000     0.00000     0.00578    -0.00118     0.00000     0.00298    -0.00065     0.00000    -0.00131     0.00000     0.00112
    16.20000     0.00000     0.00202    -0.00079     0.00000     0.00251    -0.00042     0.00000    -0.00167     0.00000     0.00585
    16.30000     0.00000    -0.00192    -0.00001     0.00000     0.00178    -0.00036     0.00000    -0.00164     0.00000     0.00861
    16.40000     0.00000    -0.00576     0.00085     0.00000     0.00085    -0.00026     0.00000    -0.00120     0.00000     0.00851
    16.50000     0.00000    -0.00917     0.00144     0.00000    -0.00022     0.00008     0.00000    -0.00043     0.00000     0.00565
    16.60000     0.00000    -0.01182     0.00151     0.00000    -0.00134     0.00071     0.00000     0.00051     0.00000     0.00109
    16.70000     0.00000    -0.01342     0.00099     0.00000    -0.00236     0.00145     0.00000     0.00143     0.00000    -0.00353
    16.80000     0.00000    -0.01376     0.00003     0.00000    -0.00311     0.00191     0.00000     0.00214     0.00000    -0.00663
    16.90000     0.00000    -0.01276    -0.00106     0.00000    -0.00343     0.00171     0.00000     0.00247     0.00000    -0.00720
    17.00000     0.00000    -0.01053    -0.00188     0.00000    -0.00319     0.00072     0.00000     0.00230     0.00000    -0.00519
    17.10000     0.00000    -0.00734    -0.00214     0.00000    -0.00238    -0.00082     0.00000     0.00162     0.00000    -0.00147
    17.20000     0.00000    -0.00357    -0.00168     0.00000    -0.00111    -0.00233     0.00000     0.00050     0.00000     0.00252
    17.30000     0.00000     0.00033    -0.00062     0.00000     0.00039    -0.00312     0.00000    -0.00086     0.00000     0.00531
    17.40000     0.00000     0.00397     0.00073     0.00000     0.00182    -0.00268     0.00000    -0.00220     0.00000     0.00599
    17.50000     0.00000     0.00704     0.00193     0.00000     0.00290    -0.00104     0.00000    -0.00321     0.00000     0.00447
    17.60000     0.00000     0.00936     0.00257     0.00000     0.00342     0.00125     0.00000    -0.00363     0.00000     0.00147
    17.70000     0.00000     0.01082     0.00245     0.00000     0.00333     0.00325     0.00000    -0.00330     0.00000    -0.00183
    17.80000     0.00000     0.01141     0.00159     0.00000     0.00268     0.00407     0.00000    -0.00224     0.00000    -0.00427
    17.90000     0.00000     0.01113     0.00022     0.00000     0.00165     0.00325     0.00000    -0.00062     0.00000    -0.00514
    18.00000     0.00000     0.01002    -0.00125     0.00000     0.00047     0.00102     0.00000     0.00123     0.00000    -0.00431
    18.10000     0.00000     0.00814    -0.00238     0.00000    -0.00064    -0.00178     0.00000     0.00293     0.00000    -0.00225
    18.20000     0.00000     0.00563    -0.00282     0.00000    -0.00149    -0.00397     0.00000     0.00409     0.00000     0.00028
    18.30000     0.00000     0.00267    -0.00241     0.00000    -0.00199    -0.00459     0.00000     0.00447     0.00000     0.00249
    18.40000     0.00000    -0.00050    -0.00128     0.00000    -0.00212    -0.00331     0.00000     0.00393     0.00000     0.00379
    18.50000     0.00000    -0.00359     0.00023     0.00000    -0.00195    -0.00063     0.00000     0.00257     0.00000     0.00395
    18.60000     0.00000    -0.00636     0.00166     0.00000    -0.00159     0.00236     0.00000     0.00066     0.00000     0.00301
    18.70000     0.00000    -0.00855     0.00261     0.00000    -0.00114     0.00441     0.00000    -0.00143     0.00000     0.00128
    18.80000     0.00000    -0.00999     0.00280     0.00000    -0.00069     0.00468     0.00000    -0.00326     0.00000    -0.00078
    18.90000     0.00000    -0.01055     0.00220     0.00000    -0.00028     0.00305     0.00000    -0.00446     0.00000    -0.00263
    19.00000     0.00000    -0.01018     0.00098     0.00000     0.00009     0.00020     0.00000    -0.00476     0.00000    -0.00373
    19.10000     0.00000    -0.00890    -0.00051     0.00000     0.00044    -0.00270     0.00000    -0.00410     0.00000    -0.00372
    19.20000     0.00000    -0.00681    -0.00181     0.00000     0.00081    -0.00446     0.00000    -0.00262     0.00000    -0.00249
    19.30000     0.00000    -0.00413    -0.00253     0.00000     0.00122    -0.00438     0.00000    -0.00063     0.00000    -0.00030
    19.40000     0.00000    -0.00115    -0.00247     0.00000     0.00163    -0.00255     0.00000     0.00145     0.00000     0.00220
    19.50000     0.00000     0.00183    -0.00168     0.00000     0.00197     0.00021     0.00000     0.00319     0.00000     0.00422
    19.60000     0.00000     0.00449    -0.00045     0.00000     0.00215     0.00277     0.00000     0.00424     0.00000     0.00500
    19.70000     0.00000     0.00662     0.00083     0.00000     0.00204     0.00413     0.00000     0.00441     0.00000     0.00414
    19.80000     0.00000     0.00804     0.00178     0.00000     0.00155     0.00384     0.00000     0.00369     0.00000     0.00178
    19.90000     0.00000     0.00871     0.00212     0.00000     0.00068     0.00211     0.00000     0.00227     0.00000    -0.00142
    20.00000     0.00000     0.00865     0.00180     0.00000    -0.00048    -0.00027     0.00000     0.00047     0.00000    -0.00445
    20.10000     0.00000     0.00794     0.00094     0.00000    -0.00175    -0.00233     0.00000    -0.00130     0.00000    -0.00623
    20.20000     0.00000     0.00667    -0.00015     0.00000    -0.00287    -0.00331     0.00000    -0.00269     0.00000    -0.00603
    20.30000     0.00000     0.00498    -0.00108     0.00000    -0.00357    -0.00295     0.00000    -0.00345     0.00000    -0.00376
    20.40000     0.00000     0.00297    -0.00155     0.00000    -0.00364    -0.00156     0.00000    -0.00346     0.00000    -0.00006
    20.50000     0.00000     0.00078    -0.00143     0.00000    -0.00301     0.00017     0.00000    -0.00277     0.00000     0.00385
    20.60000     0.00000    -0.00148    -0.00082     0.00000    -0.00175     0.00153     0.00000    -0.00159     0.00000     0.00660
    20.70000     0.00000    -0.00368     0.00004     0.00000    -0.00011     0.00208     0.00000    -0.00021     0.00000     0.00714
    20.80000     0.00000    -0.00564     0.00082     0.00000     0.00160     0.00179     0.00000     0.00108     0.00000     0.00517
    20.90000     0.00000    -0.00718     0.00123     0.00000     0.00302     0.00099     0.00000     0.00200     0.00000     0.00128
    21.00000     0.00000    -0.00812     0.00113     0.00000     0.00388     0.00013     0.00000     0.00239     0.00000    -0.00318
    21.10000     0.00000    -0.00831     0.00056     0.00000     0.00403    -0.00042     0.00000     0.00222     0.00000    -0.00661
    21.20000     0.00000    -0.00768    -0.00024     0.00000     0.00348    -0.00058     0.00000     0.00160     0.00000    -0.00772
    21.30000     0.00000    -0.00626    -0.00096     0.00000     0.00238    -0.00050     0.00000     0.00072     0.00000    -0.00605
    21.40000     0.00000    -0.00421    -0.00130     0.00000     0.00097    -0.00046     0.00000    -0.00019     0.00000    -0.00214
    21.50000     0.00000    -0.00180    -0.00111     0.00000    -0.00047    -0.00060     0.00000    -0.00091     0.00000     0.00262
    21.60000     0.00000     0.00066    -0.00042     0.00000    -0.00172    -0.00088     0.00000    -0.00132     0.00000     0.00651
    21.70000     0.00000     0.00288     0.00052     0.00000    -0.00262    -0.00102     0.00000    -0.00133     0.00000     0.00815
    21.80000     0.00000     0.00462     0.00137     0.00000    -0.00310    -0.00075     0.00000    -0.00101     0.00000     0.00697
    21.90000     0.00000     0.00579     0.00180     0.00000    -0.00318     0.00006     0.00000    -0.00046     0.00000     0.00344
    22.00000     0.00000     0.00637     0.00160     0.00000    -0.00289     0.00120     0.00000     0.00018     0.00000    -0.00117
    22.10000     0.00000     0.00642     0.00080     0.00000    -0.00229     0.00221     0.00000     0.00073     0.00000    -0.00523
    22.20000     0.00000     0.00604    -0.00039     0.00000    -0.00144     0.00254     0.00000     0.00106     0.00000    -0.00741
    22.30000     0.00000     0.00528    -0.00157     0.00000    -0.00039     0.00186     0.00000     0.00108     0.00000    -0.00709
    22.40000     0.00000     0.00422    -0.00236     0.00000     0.00077     0.00026     0.00000     0.00077     0.00000    -0.00457
    22.50000     0.00000     0.00290    -0.00245     0.00000     0.00190    -0.00172     0.00000     0.00021     0.00000    -0.00085
    22.60000     0.00000     0.00135    -0.00175     0.00000     0.00284    -0.00324     0.00000    -0.00049     0.00000     0.00276
    22.70000     0.00000    -0.00033    -0.00044     0.00000     0.00342    -0.00360     0.00000    -0.00115     0.00000     0.00511
    22.80000     0.00000    -0.00204     0.00111     0.00000     0.00350    -0.00249     0.00000    -0.00161     0.00000     0.00561
    22.90000     0.00000    -0.00363     0.00242     0.00000     0.00303    -0.00027     0.00000    -0.00171     0.00000     0.00430
    23.00000     0.00000    -0.00495     0.00307     0.00000     0.00205     0.00221     0.00000    -0.00139     0.00000     0.00184
    23.10000     0.00000    -0.00585     0.00286     0.00000     0.00070     0.00391     0.00000    -0.00069     0.00000    -0.00088
    23.20000     0.00000    -0.00621     0.00183     0.00000    -0.00079     0.00409     0.00000     0.00029     0.00000    -0.00295
    23.30000     0.00000    -0.00597     0.00024     0.00000    -0.00215     0.00261     0.00000     0.00134     0.00000    -0.00381
    23.40000     0.00000    -0.00514    -0.00145     0.00000    -0.00316     0.00000     0.00000     0.00223     0.00000    -0.00330
    23.50000     0.00000    -0.00383    -0.00278     0.00000    -0.00361    -0.00267     0.00000     0.00273     0.00000    -0.00172
    23.60000     0.00000    -0.00218    -0.00333     0.00000    -0.00344    -0.00430     0.00000     0.00269     0.00000     0.00035
    23.70000     0.00000    -0.00039    -0.00293     0.00000    -0.00268    -0.00416     0.00000     0.00204     0.00000     0.00221
    23.80000     0.00000     0.00134    -0.00171     0.00000    -0.00152    -0.00227     0.00000     0.00087     0.00000     0.00329
    23.90000     0.00000     0.00284    -0.00005     0.00000    -0.00018     0.00059     0.00000    -0.00061     0.00000     0.00326
    24.00000     0.00000     0.00399     0.00157     0.00000     0.00109     0.00324     0.00000    -0.00208     0.00000     0.00215
    24.10000     0.00000     0.00472     0.00269     0.00000     0.00206     0.00460     0.00000    -0.00323     0.00000     0.00029
    24.20000     0.00000     0.00504     0.00304     0.00000     0.00262     0.00410     0.00000    -0.00377     0.00000    -0.00181
    24.30000     0.00000     0.00496     0.00255     0.00000     0.00271     0.00196     0.00000    -0.00356     0.00000    -0.00352
    24.40000     0.00000     0.00452     0.00138     0.00000     0.00239    -0.00097     0.00000    -0.00259     0.00000    -0.00433
    24.50000     0.00000     0.00378    -0.00011     0.00000     0.00177    -0.00347     0.00000    -0.00103     0.00000    -0.00389
    24.60000     0.00000     0.00281    -0.00147     0.00000     0.00101    -0.00455     0.00000     0.00080     0.00000    -0.00219
    24.70000     0.00000     0.00167    -0.00230     0.00000     0.00026    -0.00380     0.00000     0.00254     0.00000     0.00038
    24.80000     0.00000     0.00043    -0.00239     0.00000    -0.00035    -0.00159     0.00000     0.00380     0.00000     0.00314
    24.90000     0.00000    -0.00086    -0.00179     0.00000    -0.00077     0.00111     0.00000     0.00432     0.00000     0.00520
    25.00000     0.00000    -0.00211    -0.00073     0.00000    -0.00103     0.00323     0.00000     0.00397     0.00000     0.00579
    25.10000     0.00000    -0.00326     0.00041     0.00000    -0.00118     0.00399     0.00000     0.00281     0.00000     0.00454
