     0.10000     0.00597     0.00000
     0.20000     0.02291    -0.00004
     0.30000     0.04827    -0.00017
     0.40000     0.07096    -0.00038
     0.50000     0.08551    -0.00059
     0.60000     0.09223    -0.00073
     0.70000     0.09226    -0.00074
     0.80000     0.08665    -0.00064
     0.90000     0.07593    -0.00046
     1.00000     0.06035    -0.00025
     1.10000     0.04033    -0.00009
     1.20000     0.01694    -0.00001
     1.30000    -0.00804    -0.00003
     1.40000    -0.03245    -0.00015
     1.50000    -0.05417    -0.00032
     1.60000    -0.07139    -0.00047
     1.70000    -0.08263    -0.00056
     1.80000    -0.08667    -0.00056
     1.90000    -0.08260    -0.00047
     2.00000    -0.07014    -0.00031
     2.10000    -0.05005    -0.00015
     2.20000    -0.02436    -0.00004
     2.30000     0.00385     0.00000
     2.40000     0.03105    -0.00005
     2.50000     0.05404    -0.00015
     2.60000     0.07048    -0.00028
     2.70000     0.07909    -0.00039
     2.80000     0.07960    -0.00044
     2.90000     0.07266    -0.00042
     3.00000     0.05978    -0.00033
     3.10000     0.04312    -0.00021
     3.20000     0.02516    -0.00010
     3.30000     0.00804    -0.00002
     3.40000    -0.00707     0.00000
     3.50000    -0.02014    -0.00005
     3.60000    -0.03187    -0.00014
     3.70000    -0.04293    -0.00024
     3.80000    -0.05310    -0.00031
     3.90000    -0.06090    -0.00034
     4.00000    -0.06389    -0.00031
     4.10000    -0.05976    -0.00023
     4.20000    -0.04751    -0.00014
     4.30000    -0.02831    -0.00005
     4.40000    -0.00530    -0.00001
     4.50000     0.01741    -0.00001
     4.60000     0.03613    -0.00006
     4.70000     0.04856    -0.00013
     4.80000     0.05424    -0.00020
     4.90000     0.05419    -0.00024
     5.00000     0.05017    -0.00025
     5.10000     0.04387    -0.00022
     5.20000     0.03629    -0.00015
     5.30000     0.02769    -0.00008
     5.40000     0.01779    -0.00003
     5.50000     0.00629     0.00000
     5.60000    -0.00670    -0.00001
     5.70000    -0.02037    -0.00005
     5.80000    -0.03327    -0.00011
     5.90000    -0.04357    -0.00017
     6.00000    -0.04954    -0.00020
     6.10000    -0.05000    -0.00019
     6.20000    -0.04468    -0.00016
     6.30000    -0.03438    -0.00011
     6.40000    -0.02076    -0.00005
     6.50000    -0.00595    -0.00001
     6.60000     0.00797     0.00000
     6.70000     0.01948    -0.00002
     6.80000     0.02781    -0.00005
     6.90000     0.03289    -0.00010
     7.00000     0.03503    -0.00013
     7.10000     0.03465    -0.00015
     7.20000     0.03213    -0.00014
     7.30000     0.02783    -0.00011
     7.40000     0.02224    -0.00007
     7.50000     0.01602    -0.00003
     7.60000     0.00976    -0.00001
     7.70000     0.00367     0.00000
     7.80000    -0.00257    -0.00002
     7.90000    -0.00965    -0.00005
     8.00000    -0.01804    -0.00009
     8.10000    -0.02745    -0.00011
     8.20000    -0.03649    -0.00012
     8.30000    -0.04287    -0.00010
     8.40000    -0.04406    -0.00008
     8.50000    -0.03840    -0.00005
     8.60000    -0.02597    -0.00002
     8.70000    -0.00884     0.00000
     8.80000     0.00951     0.00000
     8.90000     0.02541    -0.00002
     9.00000     0.03607    -0.00005
     9.10000     0.04027    -0.00008
     9.20000     0.03849    -0.00009
     9.30000     0.03250    -0.00009
     9.40000     0.02467    -0.00008
     9.50000     0.01721    -0.00005
     9.60000     0.01138    -0.00003
     9.70000     0.00722    -0.00001
     9.80000     0.00372     0.00000
     9.90000    -0.00061    -0.00001
    10.00000    -0.00690    -0.00002
    10.10000    -0.01527    -0.00004
    10.20000    -0.02452    -0.00006
    10.30000    -0.03245    -0.00007
    10.40000    -0.03661    -0.00007
    10.50000    -0.03522    -0.00006
    10.60000    -0.02800    -0.00004
    10.70000    -0.01634    -0.00002
    10.80000    -0.00283     0.00000
    10.90000     0.00962     0.00000
    11.00000     0.01880    -0.00001
    11.10000     0.02378    -0.00002
    11.20000     0.02493    -0.00004
    11.30000     0.02353    -0.00005
    11.40000     0.02099    -0.00005
    11.50000     0.01836    -0.00005
    11.60000     0.01592    -0.00004
    11.70000     0.01338    -0.00002
    11.80000     0.01016    -0.00001
    11.90000     0.00578     0.00000
    12.00000     0.00016     0.00000
    12.10000    -0.00638    -0.00001
    12.20000    -0.01316    -0.00002
    12.30000    -0.01932    -0.00003
    12.40000    -0.02396    -0.00004
    12.50000    -0.02624    -0.00004
    12.60000    -0.02556    -0.00004
    12.70000    -0.02167    -0.00003
    12.80000    -0.01476    -0.00002
    12.90000    -0.00563    -0.00001
    13.00000     0.00440     0.00000
    13.10000     0.01365     0.00000
    13.20000     0.02045    -0.00001
    13.30000     0.02362    -0.00002
    13.40000     0.02274    -0.00003
    13.50000     0.01829    -0.00003
    13.60000     0.01159    -0.00003
    13.70000     0.00449    -0.00002
    13.80000    -0.00106    -0.00002
    13.90000    -0.00365    -0.00001
    14.00000    -0.00294     0.00000
    14.10000     0.00009     0.00000
    14.20000     0.00344     0.00000
    14.30000     0.00487    -0.00001
    14.40000     0.00281    -0.00002
    14.50000    -0.00294    -0.00002
    14.60000    -0.01102    -0.00003
    14.70000    -0.01886    -0.00002
    14.80000    -0.02364    -0.00002
    14.90000    -0.02335    -0.00001
    15.00000    -0.01767    -0.00001
    15.10000    -0.00811     0.00000
    15.20000     0.00259     0.00000
    15.30000     0.01151    -0.00001
    15.40000     0.01663    -0.00001
    15.50000     0.01743    -0.00001
    15.60000     0.01486    -0.00002
    15.70000     0.01082    -0.00002
    15.80000     0.00726    -0.00002
    15.90000     0.00546    -0.00001
    16.00000     0.00558    -0.00001
    16.10000     0.00674     0.00000
    16.20000     0.00749     0.00000
    16.30000     0.00646     0.00000
    16.40000     0.00299     0.00000
    16.50000    -0.00266    -0.00001
    16.60000    -0.00935    -0.00001
    16.70000    -0.01546    -0.00001
    16.80000    -0.01944    -0.00002
    16.90000    -0.02028    -0.00001
    17.00000    -0.01777    -0.00001
    17.10000    -0.01252    -0.00001
    17.20000    -0.00568     0.00000
    17.30000     0.00143     0.00000
    17.40000     0.00762     0.00000
    17.50000     0.01208     0.00000
    17.60000     0.01444    -0.00001
    17.70000     0.01471    -0.00001
    17.80000     0.01322    -0.00001
    17.90000     0.01048    -0.00001
    18.00000     0.00716    -0.00001
    18.10000     0.00401    -0.00001
    18.20000     0.00172    -0.00001
    18.30000     0.00062     0.00000
    18.40000     0.00051     0.00000
    18.50000     0.00058     0.00000
    18.60000    -0.00026     0.00000
    18.70000    -0.00283    -0.00001
    18.80000    -0.00725    -0.00001
    18.90000    -0.01267    -0.00001
    19.00000    -0.01741    -0.00001
    19.10000    -0.01949    -0.00001
    19.20000    -0.01738    -0.00001
    19.30000    -0.01077     0.00000
    19.40000    -0.00090     0.00000
    19.50000     0.00974     0.00000
    19.60000     0.01821     0.00000
    19.70000     0.02217    -0.00001
    19.80000     0.02067    -0.00001
    19.90000     0.01447    -0.00001
    20.00000     0.00572    -0.00001
    20.10000    -0.00275    -0.00001
    20.20000    -0.00839    -0.00001
    20.30000    -0.00983     0.00000
    20.40000    -0.00730     0.00000
    20.50000    -0.00241     0.00000
    20.60000     0.00249     0.00000
    20.70000     0.00527     0.00000
    20.80000     0.00481     0.00000
    20.90000     0.00133     0.00000
    21.00000    -0.00378    -0.00001
    21.10000    -0.00853    -0.00001
    21.20000    -0.01114    -0.00001
    21.30000    -0.01067     0.00000
    21.40000    -0.00733     0.00000
    21.50000    -0.00228     0.00000
    21.60000     0.00284     0.00000
    21.70000     0.00657     0.00000
    21.80000     0.00810     0.00000
    21.90000     0.00745     0.00000
    22.00000     0.00530     0.00000
    22.10000     0.00264     0.00000
    22.20000     0.00040     0.00000
    22.30000    -0.00084     0.00000
    22.40000    -0.00092     0.00000
    22.50000    -0.00002     0.00000
    22.60000     0.00146     0.00000
    22.70000     0.00302     0.00000
    22.80000     0.00408     0.00000
    22.90000     0.00414     0.00000
    23.00000     0.00281     0.00000
    23.10000     0.00005    -0.00001
    23.20000    -0.00374    -0.00001
    23.30000    -0.00774     0.00000
    23.40000    -0.01082     0.00000
    23.50000    -0.01188     0.00000
    23.60000    -0.01020     0.00000
    23.70000    -0.00591     0.00000
    23.80000    -0.00001     0.00000
    23.90000     0.00585     0.00000
    24.00000     0.00995     0.00000
    24.10000     0.01113    -0.00001
    24.20000     0.00922    -0.00001
    24.30000     0.00509     0.00000
    24.40000     0.00040     0.00000
    24.50000    -0.00296     0.00000
    24.60000    -0.00360     0.00000
    24.70000    -0.00125     0.00000
    24.80000     0.00303     0.00000
    24.90000     0.00721     0.00000
    25.00000     0.00911     0.00000
    25.10000     0.00730     0.00000
