     0.10000     0.05557     0.00000     0.00000     0.51180     0.00000     0.00000     0.04000
     0.20000     0.10240     0.00000     0.00000     0.42592     0.00000     0.00000     0.08000
     0.30000     0.14072     0.00000     0.00000     0.35706     0.00000     0.00000     0.11431
     0.40000     0.17663     0.00000     0.00000     0.36249     0.00000     0.00000     0.11431
     0.50000     0.21300     0.00000     0.00000     0.36591     0.00000     0.00000     0.11431
     0.60000     0.24961     0.00000     0.00000     0.36672     0.00000     0.00000     0.11431
     0.70000     0.28620     0.00000     0.00000     0.36501     0.00000     0.00000     0.11431
     0.80000     0.32254     0.00000     0.00000     0.36132     0.00000     0.00000     0.11431
     0.90000     0.35847     0.00000     0.00000     0.35640     0.00000     0.00000     0.11431
     1.00000     0.39390     0.00000     0.00000     0.35087     0.00000     0.00000     0.11431
     1.10000     0.42877     0.00000     0.00000     0.34521     0.00000     0.00000     0.11431
     1.20000     0.46310     0.00000     0.00000     0.33972     0.00000     0.00000     0.11431
     1.30000     0.49690     0.00000     0.00000     0.33467     0.00000     0.00000     0.11431
     1.40000     0.53022     0.00000     0.00000     0.33033     0.00000     0.00000     0.11431
     1.50000     0.56314     0.00000     0.00000     0.32694     0.00000     0.00000     0.11431
     1.60000     0.59577     0.00000     0.00000     0.32470     0.00000     0.00000     0.11431
     1.70000     0.62821     0.00000     0.00000     0.32369     0.00000     0.00000     0.11431
     1.80000     0.66059     0.00000     0.00000     0.32390     0.00000     0.00000     0.11431
     1.90000     0.69302     0.00000     0.00000     0.32530     0.00000     0.00000     0.11431
     2.00000     0.72563     0.00000     0.00000     0.32789     0.00000     0.00000     0.11431
     2.10000     0.75855     0.00000     0.00000     0.33167     0.00000     0.00000     0.11431
     2.20000     0.79188     0.00000     0.00000     0.33645     0.00000     0.00000     0.11431
     2.30000     0.82571     0.00000     0.00000     0.34172     0.00000     0.00000     0.11431
     2.40000     0.86007     0.00000     0.00000     0.34672     0.00000     0.00000     0.11431
     2.50000     0.89488     0.00000     0.00000     0.35064     0.00000     0.00000     0.11431
     2.60000     0.93002     0.00000     0.00000     0.35300     0.00000     0.00000     0.11431
     2.70000     0.96533     0.00000     0.00000     0.35375     0.00000     0.00000     0.11431
     2.80000     1.00066     0.00000     0.00000     0.35319     0.00000     0.00000     0.11431
     2.90000     1.03591     0.00000     0.00000     0.35172     0.00000     0.00000     0.11431
     3.00000     1.07100     0.00000     0.00000     0.34958     0.00000     0.00000     0.11431
     3.10000     1.10586     0.00000     0.00000     0.34677     0.00000     0.00000     0.11431
     3.20000     1.14042     0.00000     0.00000     0.34324     0.00000     0.00000     0.11431
     3.30000     1.17460     0.00000     0.00000     0.33906     0.00000     0.00000     0.11431
     3.40000     1.20835     0.00000     0.00000     0.33458     0.00000     0.00000     0.11431
     3.50000     1.24165     0.00000     0.00000     0.33040     0.00000     0.00000     0.11431
     3.60000     1.27458     0.00000     0.00000     0.32712     0.00000     0.00000     0.11431
     3.70000     1.30722     0.00000     0.00000     0.32510     0.00000     0.00000     0.11431
     3.80000     1.33972     0.00000     0.00000     0.32439     0.00000     0.00000     0.11431
     3.90000     1.37219     0.00000     0.00000     0.32477     0.00000     0.00000     0.11431
     4.00000     1.40471     0.00000     0.00000     0.32595     0.00000     0.00000     0.11431
     4.10000     1.43737     0.00000     0.00000     0.32775     0.00000     0.00000     0.11431
     4.20000     1.47023     0.00000     0.00000     0.33019     0.00000     0.00000     0.11431
     4.30000     1.50335     0.00000     0.00000     0.33333     0.00000     0.00000     0.11431
     4.40000     1.53682     0.00000     0.00000     0.33711     0.00000     0.00000     0.11431
     4.50000     1.57068     0.00000     0.00000     0.34121     0.00000     0.00000     0.11431
     4.60000     1.60494     0.00000     0.00000     0.34507     0.00000     0.00000     0.11431
     4.70000     1.63956     0.00000     0.00000     0.34814     0.00000     0.00000     0.11431
     4.80000     1.67444     0.00000     0.00000     0.35002     0.00000     0.00000     0.11431
     4.90000     1.70946     0.00000     0.00000     0.35061     0.00000     0.00000     0.11431
     5.00000     1.74449     0.00000     0.00000     0.35003     0.00000     0.00000     0.11431
     5.10000     1.77943     0.00000     0.00000     0.34851     0.00000     0.00000     0.11431
     5.20000     1.81420     0.00000     0.00000     0.34631     0.00000     0.00000     0.11431
     5.30000     1.84873     0.00000     0.00000     0.34367     0.00000     0.00000     0.11431
     5.40000     1.88300     0.00000     0.00000     0.34077     0.00000     0.00000     0.11431
     5.50000     1.91698     0.00000     0.00000     0.33787     0.00000     0.00000     0.11431
     5.60000     1.95068     0.00000     0.00000     0.33518     0.00000     0.00000     0.11431
     5.70000     1.98413     0.00000     0.00000     0.33293     0.00000     0.00000     0.11431
     5.80000     2.01737     0.00000     0.00000     0.33124     0.00000     0.00000     0.11431
     5.90000     2.05047     0.00000     0.00000     0.33017     0.00000     0.00000     0.11431
     6.00000     2.08347     0.00000     0.00000     0.32969     0.00000     0.00000     0.11431
     6.10000     2.11645     0.00000     0.00000     0.32977     0.00000     0.00000     0.11431
     6.20000     2.14944     0.00000     0.00000     0.33047     0.00000     0.00000     0.11431
     6.30000     2.18253     0.00000     0.00000     0.33191     0.00000     0.00000     0.11431
     6.40000     2.21580     0.00000     0.00000     0.33418     0.00000     0.00000     0.11431
     6.50000     2.24932     0.00000     0.00000     0.33723     0.00000     0.00000     0.11431
     6.60000     2.28318     0.00000     0.00000     0.34074     0.00000     0.00000     0.11431
     6.70000     2.31738     0.00000     0.00000     0.34420     0.00000     0.00000     0.11431
     6.80000     2.35192     0.00000     0.00000     0.34707     0.00000     0.00000     0.11431
     6.90000     2.38669     0.00000     0.00000     0.34894     0.00000     0.00000     0.11431
     7.00000     2.42161     0.00000     0.00000     0.34972     0.00000     0.00000     0.11431
     7.10000     2.45657     0.00000     0.00000     0.34956     0.00000     0.00000     0.11431
     7.20000     2.49149     0.00000     0.00000     0.34871     0.00000     0.00000     0.11431
     7.30000     2.52631     0.00000     0.00000     0.34740     0.00000     0.00000     0.11431
     7.40000     2.56099     0.00000     0.00000     0.34574     0.00000     0.00000     0.11431
     7.50000     2.59550     0.00000     0.00000     0.34377     0.00000     0.00000     0.11431
     7.60000     2.62980     0.00000     0.00000     0.34157     0.00000     0.00000     0.11431
     7.70000     2.66388     0.00000     0.00000     0.33933     0.00000     0.00000     0.11431
     7.80000     2.69775     0.00000     0.00000     0.33732     0.00000     0.00000     0.11431
     7.90000     2.73143     0.00000     0.00000     0.33579     0.00000     0.00000     0.11431
     8.00000     2.76499     0.00000     0.00000     0.33486     0.00000     0.00000     0.11431
     8.10000     2.79847     0.00000     0.00000     0.33447     0.00000     0.00000     0.11431
     8.20000     2.83192     0.00000     0.00000     0.33448     0.00000     0.00000     0.11431
     8.30000     2.86538     0.00000     0.00000     0.33477     0.00000     0.00000     0.11431
     8.40000     2.89887     0.00000     0.00000     0.33535     0.00000     0.00000     0.11431
     8.50000     2.93243     0.00000     0.00000     0.33640     0.00000     0.00000     0.11431
     8.60000     2.96612     0.00000     0.00000     0.33808     0.00000     0.00000     0.11431
     8.70000     3.00000     0.00000     0.00000     0.34036     0.00000     0.00000     0.11431
     8.80000     3.03413     0.00000     0.00000     0.34291     0.00000     0.00000     0.11431
     8.90000     3.06851     0.00000     0.00000     0.34526     0.00000     0.00000     0.11431
     9.00000     3.10310     0.00000     0.00000     0.34696     0.00000     0.00000     0.11431
     9.10000     3.13782     0.00000     0.00000     0.34777     0.00000     0.00000     0.11431
     9.20000     3.17259     0.00000     0.00000     0.34768     0.00000     0.00000     0.11431
     9.30000     3.20732     0.00000     0.00000     0.34688     0.00000     0.00000     0.11431
     9.40000     3.24195     0.00000     0.00000     0.34560     0.00000     0.00000     0.11431
     9.50000     3.27645     0.00000     0.00000     0.34402     0.00000     0.00000     0.11431
     9.60000     3.31078     0.00000     0.00000     0.34229     0.00000     0.00000     0.11431
     9.70000     3.34495     0.00000     0.00000     0.34050     0.00000     0.00000     0.11431
     9.80000     3.37894     0.00000     0.00000     0.33877     0.00000     0.00000     0.11431
     9.90000     3.41277     0.00000     0.00000     0.33725     0.00000     0.00000     0.11431
    10.00000     3.44646     0.00000     0.00000     0.33602     0.00000     0.00000     0.11431
    10.10000     3.48003     0.00000     0.00000     0.33511     0.00000     0.00000     0.11431
    10.20000     3.51353     0.00000     0.00000     0.33445     0.00000     0.00000     0.11431
    10.30000     3.54696     0.00000     0.00000     0.33397     0.00000     0.00000     0.11431
    10.40000     3.58034     0.00000     0.00000     0.33366     0.00000     0.00000     0.11431
    10.50000     3.61369     0.00000     0.00000     0.33363     0.00000     0.00000     0.11431
    10.60000     3.64706     0.00000     0.00000     0.33409     0.00000     0.00000     0.11431
    10.70000     3.68050     0.00000     0.00000     0.33523     0.00000     0.00000     0.11431
    10.80000     3.71409     0.00000     0.00000     0.33707     0.00000     0.00000     0.11431
    10.90000     3.74788     0.00000     0.00000     0.33936     0.00000     0.00000     0.11431
    11.00000     3.78191     0.00000     0.00000     0.34169     0.00000     0.00000     0.11431
    11.10000     3.81616     0.00000     0.00000     0.34359     0.00000     0.00000     0.11431
    11.20000     3.85056     0.00000     0.00000     0.34473     0.00000     0.00000     0.11431
    11.30000     3.88504     0.00000     0.00000     0.34497     0.00000     0.00000     0.11431
    11.40000     3.91951     0.00000     0.00000     0.34446     0.00000     0.00000     0.11431
    11.50000     3.95391     0.00000     0.00000     0.34346     0.00000     0.00000     0.11431
    11.60000     3.98820     0.00000     0.00000     0.34225     0.00000     0.00000     0.11431
    11.70000     4.02238     0.00000     0.00000     0.34105     0.00000     0.00000     0.11431
    11.80000     4.05645     0.00000     0.00000     0.33995     0.00000     0.00000     0.11431
    11.90000     4.09041     0.00000     0.00000     0.33896     0.00000     0.00000     0.11431
    12.00000     4.12429     0.00000     0.00000     0.33807     0.00000     0.00000     0.11431
    12.10000     4.15807     0.00000     0.00000     0.33725     0.00000     0.00000     0.11431
    12.20000     4.19178     0.00000     0.00000     0.33650     0.00000     0.00000     0.11431
    12.30000     4.22541     0.00000     0.00000     0.33585     0.00000     0.00000     0.11431
    12.40000     4.25898     0.00000     0.00000     0.33532     0.00000     0.00000     0.11431
    12.50000     4.29250     0.00000     0.00000     0.33497     0.00000     0.00000     0.11431
    12.60000     4.32598     0.00000     0.00000     0.33489     0.00000     0.00000     0.11431
    12.70000     4.35948     0.00000     0.00000     0.33523     0.00000     0.00000     0.11431
    12.80000     4.39302     0.00000     0.00000     0.33607     0.00000     0.00000     0.11431
    12.90000     4.42668     0.00000     0.00000     0.33741     0.00000     0.00000     0.11431
    13.00000     4.46048     0.00000     0.00000     0.33909     0.00000     0.00000     0.11431
    13.10000     4.49446     0.00000     0.00000     0.34082     0.00000     0.00000     0.11431
    13.20000     4.52860     0.00000     0.00000     0.34228     0.00000     0.00000     0.11431
    13.30000     4.56286     0.00000     0.00000     0.34325     0.00000     0.00000     0.11431
    13.40000     4.59720     0.00000     0.00000     0.34366     0.00000     0.00000     0.11431
    13.50000     4.63156     0.00000     0.00000     0.34361     0.00000     0.00000     0.11431
    13.60000     4.66590     0.00000     0.00000     0.34322     0.00000     0.00000     0.11431
    13.70000     4.70020     0.00000     0.00000     0.34263     0.00000     0.00000     0.11431
    13.80000     4.73444     0.00000     0.00000     0.34188     0.00000     0.00000     0.11431
    13.90000     4.76859     0.00000     0.00000     0.34099     0.00000     0.00000     0.11431
    14.00000     4.80266     0.00000     0.00000     0.33998     0.00000     0.00000     0.11431
    14.10000     4.83662     0.00000     0.00000     0.33896     0.00000     0.00000     0.11431
    14.20000     4.87049     0.00000     0.00000     0.33807     0.00000     0.00000     0.11431
    14.30000     4.90428     0.00000     0.00000     0.33745     0.00000     0.00000     0.11431
    14.40000     4.93802     0.00000     0.00000     0.33715     0.00000     0.00000     0.11431
    14.50000     4.97174     0.00000     0.00000     0.33710     0.00000     0.00000     0.11431
    14.60000     5.00546     0.00000     0.00000     0.33718     0.00000     0.00000     0.11431
    14.70000     5.03918     0.00000     0.00000     0.33725     0.00000     0.00000     0.11431
    14.80000     5.07290     0.00000     0.00000     0.33732     0.00000     0.00000     0.11431
    14.90000     5.10663     0.00000     0.00000     0.33751     0.00000     0.00000     0.11431
    15.00000     5.14039     0.00000     0.00000     0.33803     0.00000     0.00000     0.11431
    15.10000     5.17423     0.00000     0.00000     0.33901     0.00000     0.00000     0.11431
    15.20000     5.20818     0.00000     0.00000     0.34042     0.00000     0.00000     0.11431
    15.30000     5.24229     0.00000     0.00000     0.34202     0.00000     0.00000     0.11431
    15.40000     5.27655     0.00000     0.00000     0.34346     0.00000     0.00000     0.11431
    15.50000     5.31094     0.00000     0.00000     0.34440     0.00000     0.00000     0.11431
    15.60000     5.34539     0.00000     0.00000     0.34465     0.00000     0.00000     0.11431
    15.70000     5.37984     0.00000     0.00000     0.34420     0.00000     0.00000     0.11431
    15.80000     5.41421     0.00000     0.00000     0.34323     0.00000     0.00000     0.11431
    15.90000     5.44848     0.00000     0.00000     0.34202     0.00000     0.00000     0.11431
    16.00000     5.48263     0.00000     0.00000     0.34086     0.00000     0.00000     0.11431
    16.10000     5.51668     0.00000     0.00000     0.33997     0.00000     0.00000     0.11431
    16.20000     5.55066     0.00000     0.00000     0.33944     0.00000     0.00000     0.11431
    16.30000     5.58460     0.00000     0.00000     0.33923     0.00000     0.00000     0.11431
    16.40000     5.61854     0.00000     0.00000     0.33919     0.00000     0.00000     0.11431
    16.50000     5.65247     0.00000     0.00000     0.33913     0.00000     0.00000     0.11431
    16.60000     5.68638     0.00000     0.00000     0.33890     0.00000     0.00000     0.11431
    16.70000     5.72025     0.00000     0.00000     0.33844     0.00000     0.00000     0.11431
    16.80000     5.75407     0.00000     0.00000     0.33784     0.00000     0.00000     0.11431
    16.90000     5.78782     0.00000     0.00000     0.33728     0.00000     0.00000     0.11431
    17.00000     5.82153     0.00000     0.00000     0.33704     0.00000     0.00000     0.11431
    17.10000     5.85523     0.00000     0.00000     0.33732     0.00000     0.00000     0.11431
    17.20000     5.88899     0.00000     0.00000     0.33816     0.00000     0.00000     0.11431
    17.30000     5.92285     0.00000     0.00000     0.33941     0.00000     0.00000     0.11431
    17.40000     5.95685     0.00000     0.00000     0.34076     0.00000     0.00000     0.11431
    17.50000     5.99097     0.00000     0.00000     0.34186     0.00000     0.00000     0.11431
    17.60000     6.02519     0.00000     0.00000     0.34249     0.00000     0.00000     0.11431
    17.70000     6.05944     0.00000     0.00000     0.34257     0.00000     0.00000     0.11431
    17.80000     6.09368     0.00000     0.00000     0.34221     0.00000     0.00000     0.11431
    17.90000     6.12787     0.00000     0.00000     0.34159     0.00000     0.00000     0.11431
    18.00000     6.16200     0.00000     0.00000     0.34093     0.00000     0.00000     0.11431
    18.10000     6.19606     0.00000     0.00000     0.34033     0.00000     0.00000     0.11431
    18.20000     6.23008     0.00000     0.00000     0.33984     0.00000     0.00000     0.11431
    18.30000     6.26405     0.00000     0.00000     0.33942     0.00000     0.00000     0.11431
    18.40000     6.29799     0.00000     0.00000     0.33903     0.00000     0.00000     0.11431
    18.50000     6.33188     0.00000     0.00000     0.33866     0.00000     0.00000     0.11431
    18.60000     6.36574     0.00000     0.00000     0.33833     0.00000     0.00000     0.11431
    18.70000     6.39956     0.00000     0.00000     0.33808     0.00000     0.00000     0.11431
    18.80000     6.43337     0.00000     0.00000     0.33790     0.00000     0.00000     0.11431
    18.90000     6.46715     0.00000     0.00000     0.33777     0.00000     0.00000     0.11431
    19.00000     6.50093     0.00000     0.00000     0.33769     0.00000     0.00000     0.11431
    19.10000     6.53469     0.00000     0.00000     0.33767     0.00000     0.00000     0.11431
    19.20000     6.56846     0.00000     0.00000     0.33780     0.00000     0.00000     0.11431
    19.30000     6.60224     0.00000     0.00000     0.33814     0.00000     0.00000     0.11431
    19.40000     6.63608     0.00000     0.00000     0.33876     0.00000     0.00000     0.11431
    19.50000     6.66999     0.00000     0.00000     0.33961     0.00000     0.00000     0.11431
    19.60000     6.70399     0.00000     0.00000     0.34054     0.00000     0.00000     0.11431
    19.70000     6.73808     0.00000     0.00000     0.34138     0.00000     0.00000     0.11431
    19.80000     6.77224     0.00000     0.00000     0.34193     0.00000     0.00000     0.11431
    19.90000     6.80644     0.00000     0.00000     0.34209     0.00000     0.00000     0.11431
    20.00000     6.84064     0.00000     0.00000     0.34183     0.00000     0.00000     0.11431
    20.10000     6.87479     0.00000     0.00000     0.34123     0.00000     0.00000     0.11431
    20.20000     6.90888     0.00000     0.00000     0.34043     0.00000     0.00000     0.11431
    20.30000     6.94289     0.00000     0.00000     0.33964     0.00000     0.00000     0.11431
    20.40000     6.97682     0.00000     0.00000     0.33900     0.00000     0.00000     0.11431
    20.50000     7.01071     0.00000     0.00000     0.33865     0.00000     0.00000     0.11431
    20.60000     7.04458     0.00000     0.00000     0.33859     0.00000     0.00000     0.11431
    20.70000     7.07845     0.00000     0.00000     0.33875     0.00000     0.00000     0.11431
    20.80000     7.11235     0.00000     0.00000     0.33897     0.00000     0.00000     0.11431
    20.90000     7.14625     0.00000     0.00000     0.33907     0.00000     0.00000     0.11431
    21.00000     7.18016     0.00000     0.00000     0.33895     0.00000     0.00000     0.11431
    21.10000     7.21404     0.00000     0.00000     0.33860     0.00000     0.00000     0.11431
    21.20000     7.24788     0.00000     0.00000     0.33814     0.00000     0.00000     0.11431
    21.30000     7.28167     0.00000     0.00000     0.33778     0.00000     0.00000     0.11431
    21.40000     7.31544     0.00000     0.00000     0.33777     0.00000     0.00000     0.11431
    21.50000     7.34923     0.00000     0.00000     0.33823     0.00000     0.00000     0.11431
    21.60000     7.38308     0.00000     0.00000     0.33915     0.00000     0.00000     0.11431
    21.70000     7.41705     0.00000     0.00000     0.34030     0.00000     0.00000     0.11431
    21.80000     7.45113     0.00000     0.00000     0.34139     0.00000     0.00000     0.11431
    21.90000     7.48530     0.00000     0.00000     0.34213     0.00000     0.00000     0.11431
    22.00000     7.51953     0.00000     0.00000     0.34234     0.00000     0.00000     0.11431
    22.10000     7.55375     0.00000     0.00000     0.34204     0.00000     0.00000     0.11431
    22.20000     7.58792     0.00000     0.00000     0.34138     0.00000     0.00000     0.11431
    22.30000     7.62203     0.00000     0.00000     0.34059     0.00000     0.00000     0.11431
    22.40000     7.65605     0.00000     0.00000     0.33991     0.00000     0.00000     0.11431
    22.50000     7.69002     0.00000     0.00000     0.33948     0.00000     0.00000     0.11431
    22.60000     7.72397     0.00000     0.00000     0.33932     0.00000     0.00000     0.11431
    22.70000     7.75791     0.00000     0.00000     0.33937     0.00000     0.00000     0.11431
    22.80000     7.79186     0.00000     0.00000     0.33951     0.00000     0.00000     0.11431
    22.90000     7.82582     0.00000     0.00000     0.33961     0.00000     0.00000     0.11431
    23.00000     7.85978     0.00000     0.00000     0.33960     0.00000     0.00000     0.11431
    23.10000     7.89374     0.00000     0.00000     0.33945     0.00000     0.00000     0.11431
    23.20000     7.92768     0.00000     0.00000     0.33920     0.00000     0.00000     0.11431
    23.30000     7.96158     0.00000     0.00000     0.33893     0.00000     0.00000     0.11431
    23.40000     7.99546     0.00000     0.00000     0.33874     0.00000     0.00000     0.11431
    23.50000     8.02933     0.00000     0.00000     0.33874     0.00000     0.00000     0.11431
    23.60000     8.06321     0.00000     0.00000     0.33900     0.00000     0.00000     0.11431
    23.70000     8.09713     0.00000     0.00000     0.33948     0.00000     0.00000     0.11431
    23.80000     8.13110     0.00000     0.00000     0.34010     0.00000     0.00000     0.11431
    23.90000     8.16514     0.00000     0.00000     0.34072     0.00000     0.00000     0.11431
    24.00000     8.19923     0.00000     0.00000     0.34119     0.00000     0.00000     0.11431
    24.10000     8.23336     0.00000     0.00000     0.34144     0.00000     0.00000     0.11431
    24.20000     8.26751     0.00000     0.00000     0.34142     0.00000     0.00000     0.11431
    24.30000     8.30164     0.00000     0.00000     0.34116     0.00000     0.00000     0.11431
    24.40000     8.33573     0.00000     0.00000     0.34073     0.00000     0.00000     0.11431
    24.50000     8.36978     0.00000     0.00000     0.34022     0.00000     0.00000     0.11431
    24.60000     8.40378     0.00000     0.00000     0.33972     0.00000     0.00000     0.11431
    24.70000     8.43774     0.00000     0.00000     0.33933     0.00000     0.00000     0.11431
    24.80000     8.47166     0.00000     0.00000     0.33912     0.00000     0.00000     0.11431
    24.90000     8.50557     0.00000     0.00000     0.33911     0.00000     0.00000     0.11431
    25.00000     8.53950     0.00000     0.00000     0.33927     0.00000     0.00000     0.11431
    25.10000     8.57344     0.00000     0.00000     0.33950     0.00000     0.00000     0.11431
