     0.10000    -0.41068     0.00000    -9.81000     0.02137     0.00000    -0.10255
     0.20000    -0.45205     0.00000    -9.81000     0.08104     0.00000    -0.38171
     0.30000    -0.13003     0.00000    -9.81000     0.17454     0.00000    -0.72532
     0.40000    -0.22335     0.00000    -9.81000     0.26559     0.00000    -0.39369
     0.50000    -0.30265     0.00000    -9.81000     0.33334     0.00000    -0.15281
     0.60000    -0.35450     0.00000    -9.81000     0.37115     0.00000    -0.00398
     0.70000    -0.37501     0.00000    -9.81000     0.37654     0.00000     0.01887
     0.80000    -0.36337     0.00000    -9.81000     0.35019     0.00000    -0.07716
     0.90000    -0.32181     0.00000    -9.81000     0.29563     0.00000    -0.25192
     1.00000    -0.25507     0.00000    -9.81000     0.21861     0.00000    -0.44513
     1.10000    -0.16965     0.00000    -9.81000     0.12628     0.00000    -0.59352
     1.20000    -0.07306     0.00000    -9.81000     0.02644     0.00000    -0.64996
     1.30000     0.02679     0.00000    -9.81000    -0.07294     0.00000    -0.59794
     1.40000     0.12204     0.00000    -9.81000    -0.16409     0.00000    -0.45569
     1.50000     0.20520     0.00000    -9.81000    -0.23979     0.00000    -0.26918
     1.60000     0.26952     0.00000    -9.81000    -0.29379     0.00000    -0.09755
     1.70000     0.30961     0.00000    -9.81000    -0.32149     0.00000     0.00504
     1.80000     0.32208     0.00000    -9.81000    -0.32066     0.00000     0.00718
     1.90000     0.30619     0.00000    -9.81000    -0.29183     0.00000    -0.08810
     2.00000     0.26401     0.00000    -9.81000    -0.23836     0.00000    -0.24276
     2.10000     0.20020     0.00000    -9.81000    -0.16592     0.00000    -0.39736
     2.20000     0.12119     0.00000    -9.81000    -0.08156     0.00000    -0.49520
     2.30000     0.03430     0.00000    -9.81000     0.00720     0.00000    -0.50502
     2.40000    -0.05304     0.00000    -9.81000     0.09299     0.00000    -0.42998
     2.50000    -0.13382     0.00000    -9.81000     0.16903     0.00000    -0.30017
     2.60000    -0.20173     0.00000    -9.81000     0.22945     0.00000    -0.15770
     2.70000    -0.25153     0.00000    -9.81000     0.26962     0.00000    -0.04363
     2.80000    -0.27942     0.00000    -9.81000     0.28656     0.00000     0.01120
     2.90000    -0.28340     0.00000    -9.81000     0.27919     0.00000    -0.00696
     3.00000    -0.26352     0.00000    -9.81000     0.24854     0.00000    -0.09029
     3.10000    -0.22194     0.00000    -9.81000     0.19771     0.00000    -0.20955
     3.20000    -0.16276     0.00000    -9.81000     0.13159     0.00000    -0.32216
     3.30000    -0.09153     0.00000    -9.81000     0.05625     0.00000    -0.38749
     3.40000    -0.01461     0.00000    -9.81000    -0.02175     0.00000    -0.38339
     3.50000     0.06149     0.00000    -9.81000    -0.09591     0.00000    -0.31432
     3.60000     0.13057     0.00000    -9.81000    -0.16027     0.00000    -0.20719
     3.70000     0.18715     0.00000    -9.81000    -0.20979     0.00000    -0.09820
     3.80000     0.22683     0.00000    -9.81000    -0.24064     0.00000    -0.01962
     3.90000     0.24658     0.00000    -9.81000    -0.25053     0.00000     0.00838
     4.00000     0.24502     0.00000    -9.81000    -0.23896     0.00000    -0.01941
     4.10000     0.22268     0.00000    -9.81000    -0.20736     0.00000    -0.09260
     4.20000     0.18197     0.00000    -9.81000    -0.15898     0.00000    -0.18601
     4.30000     0.12696     0.00000    -9.81000    -0.09852     0.00000    -0.26599
     4.40000     0.06283     0.00000    -9.81000    -0.03151     0.00000    -0.30315
     4.50000    -0.00469     0.00000    -9.81000     0.03619     0.00000    -0.28510
     4.60000    -0.06990     0.00000    -9.81000     0.09895     0.00000    -0.22066
     4.70000    -0.12748     0.00000    -9.81000     0.15174     0.00000    -0.13386
     4.80000    -0.17287     0.00000    -9.81000     0.19043     0.00000    -0.05335
     4.90000    -0.20260     0.00000    -9.81000     0.21215     0.00000    -0.00268
     5.00000    -0.21452     0.00000    -9.81000     0.21547     0.00000     0.00586
     5.10000    -0.20805     0.00000    -9.81000     0.20051     0.00000    -0.02661
     5.20000    -0.18416     0.00000    -9.81000     0.16898     0.00000    -0.08684
     5.30000    -0.14531     0.00000    -9.81000     0.12396     0.00000    -0.15390
     5.40000    -0.09519     0.00000    -9.81000     0.06960     0.00000    -0.20553
     5.50000    -0.03827     0.00000    -9.81000     0.01068     0.00000    -0.22496
     5.60000     0.02054     0.00000    -9.81000    -0.04781     0.00000    -0.20625
     5.70000     0.07636     0.00000    -9.81000    -0.10106     0.00000    -0.15598
     5.80000     0.12466     0.00000    -9.81000    -0.14477     0.00000    -0.09086
     5.90000     0.16156     0.00000    -9.81000    -0.17548     0.00000    -0.03197
     6.00000     0.18414     0.00000    -9.81000    -0.19079     0.00000     0.00220
     6.10000     0.19069     0.00000    -9.81000    -0.18963     0.00000     0.00150
     6.20000     0.18089     0.00000    -9.81000    -0.17235     0.00000    -0.03267
     6.30000     0.15587     0.00000    -9.81000    -0.14078     0.00000    -0.08708
     6.40000     0.11821     0.00000    -9.81000    -0.09806     0.00000    -0.14097
     6.50000     0.07155     0.00000    -9.81000    -0.04824     0.00000    -0.17405
     6.60000     0.02025     0.00000    -9.81000     0.00412     0.00000    -0.17504
     6.70000    -0.03114     0.00000    -9.81000     0.05446     0.00000    -0.14580
     6.80000    -0.07828     0.00000    -9.81000     0.09862     0.00000    -0.09857
     6.90000    -0.11736     0.00000    -9.81000     0.13311     0.00000    -0.04924
     7.00000    -0.14539     0.00000    -9.81000     0.15538     0.00000    -0.01185
     7.10000    -0.16038     0.00000    -9.81000     0.16393     0.00000     0.00423
     7.20000    -0.16142     0.00000    -9.81000     0.15842     0.00000    -0.00424
     7.30000    -0.14880     0.00000    -9.81000     0.13966     0.00000    -0.03346
     7.40000    -0.12391     0.00000    -9.81000     0.10954     0.00000    -0.07307
     7.50000    -0.08918     0.00000    -9.81000     0.07093     0.00000    -0.10925
     7.60000    -0.04780     0.00000    -9.81000     0.02731     0.00000    -0.12968
     7.70000    -0.00344     0.00000    -9.81000    -0.01754     0.00000    -0.12774
     7.80000     0.04021     0.00000    -9.81000    -0.05995     0.00000    -0.10462
     7.90000     0.07962     0.00000    -9.81000    -0.09651     0.00000    -0.06862
     8.00000     0.11166     0.00000    -9.81000    -0.12438     0.00000    -0.03209
     8.10000     0.13381     0.00000    -9.81000    -0.14134     0.00000    -0.00667
     8.20000     0.14429     0.00000    -9.81000    -0.14606     0.00000     0.00071
     8.30000     0.14227     0.00000    -9.81000    -0.13816     0.00000    -0.01085
     8.40000     0.12797     0.00000    -9.81000    -0.11839     0.00000    -0.03708
     8.50000     0.10275     0.00000    -9.81000    -0.08862     0.00000    -0.06986
     8.60000     0.06908     0.00000    -9.81000    -0.05177     0.00000    -0.09794
     8.70000     0.03028     0.00000    -9.81000    -0.01142     0.00000    -0.11017
     8.80000    -0.00999     0.00000    -9.81000     0.02868     0.00000    -0.10099
     8.90000    -0.04818     0.00000    -9.81000     0.06512     0.00000    -0.07442
     9.00000    -0.08120     0.00000    -9.81000     0.09505     0.00000    -0.04167
     9.10000    -0.10657     0.00000    -9.81000     0.11632     0.00000    -0.01469
     9.20000    -0.12255     0.00000    -9.81000     0.12754     0.00000    -0.00064
     9.30000    -0.12814     0.00000    -9.81000     0.12813     0.00000    -0.00084
     9.40000    -0.12317     0.00000    -9.81000     0.11831     0.00000    -0.01278
     9.50000    -0.10827     0.00000    -9.81000     0.09905     0.00000    -0.03241
     9.60000    -0.08483     0.00000    -9.81000     0.07209     0.00000    -0.05441
     9.70000    -0.05493     0.00000    -9.81000     0.03976     0.00000    -0.07212
     9.80000    -0.02114     0.00000    -9.81000     0.00485     0.00000    -0.07920
     9.90000     0.01364     0.00000    -9.81000    -0.02969     0.00000    -0.07269
    10.00000     0.04652     0.00000    -9.81000    -0.06099     0.00000    -0.05462
    10.10000     0.07479     0.00000    -9.81000    -0.08646     0.00000    -0.03121
    10.20000     0.09611     0.00000    -9.81000    -0.10403     0.00000    -0.01045
    10.30000     0.10874     0.00000    -9.81000    -0.11226     0.00000     0.00069
    10.40000     0.11167     0.00000    -9.81000    -0.11054     0.00000    -0.00135
    10.50000     0.10476     0.00000    -9.81000    -0.09915     0.00000    -0.01527
    10.60000     0.08879     0.00000    -9.81000    -0.07931     0.00000    -0.03546
    10.70000     0.06544     0.00000    -9.81000    -0.05306     0.00000    -0.05406
    10.80000     0.03708     0.00000    -9.81000    -0.02300     0.00000    -0.06412
    10.90000     0.00642     0.00000    -9.81000     0.00804     0.00000    -0.06214
    11.00000    -0.02375     0.00000    -9.81000     0.03733     0.00000    -0.04938
    11.10000    -0.05088     0.00000    -9.81000     0.06248     0.00000    -0.03102
    11.20000    -0.07286     0.00000    -9.81000     0.08160     0.00000    -0.01373
    11.30000    -0.08810     0.00000    -9.81000     0.09337     0.00000    -0.00253
    11.40000    -0.09561     0.00000    -9.81000     0.09712     0.00000     0.00073
    11.50000    -0.09504     0.00000    -9.81000     0.09278     0.00000    -0.00327
    11.60000    -0.08667     0.00000    -9.81000     0.08092     0.00000    -0.01274
    11.70000    -0.07134     0.00000    -9.81000     0.06263     0.00000    -0.02535
    11.80000    -0.05041     0.00000    -9.81000     0.03948     0.00000    -0.03768
    11.90000    -0.02568     0.00000    -9.81000     0.01346     0.00000    -0.04555
    12.00000     0.00076     0.00000    -9.81000    -0.01325     0.00000    -0.04568
    12.10000     0.02669     0.00000    -9.81000    -0.03838     0.00000    -0.03765
    12.20000     0.04993     0.00000    -9.81000    -0.05984     0.00000    -0.02446
    12.30000     0.06857     0.00000    -9.81000    -0.07588     0.00000    -0.01098
    12.40000     0.08106     0.00000    -9.81000    -0.08517     0.00000    -0.00196
    12.50000     0.08639     0.00000    -9.81000    -0.08698     0.00000    -0.00020
    12.60000     0.08414     0.00000    -9.81000    -0.08122     0.00000    -0.00568
    12.70000     0.07462     0.00000    -9.81000    -0.06850     0.00000    -0.01598
    12.80000     0.05881     0.00000    -9.81000    -0.05011     0.00000    -0.02734
    12.90000     0.03831     0.00000    -9.81000    -0.02788     0.00000    -0.03602
    13.00000     0.01511     0.00000    -9.81000    -0.00395     0.00000    -0.03896
    13.10000    -0.00861     0.00000    -9.81000     0.01949     0.00000    -0.03471
    13.20000    -0.03076     0.00000    -9.81000     0.04046     0.00000    -0.02456
    13.30000    -0.04957     0.00000    -9.81000     0.05732     0.00000    -0.01262
    13.40000    -0.06364     0.00000    -9.81000     0.06887     0.00000    -0.00369
    13.50000    -0.07199     0.00000    -9.81000     0.07437     0.00000    -0.00052
    13.60000    -0.07412     0.00000    -9.81000     0.07355     0.00000    -0.00257
    13.70000    -0.07002     0.00000    -9.81000     0.06661     0.00000    -0.00746
    13.80000    -0.06015     0.00000    -9.81000     0.05423     0.00000    -0.01343
    13.90000    -0.04545     0.00000    -9.81000     0.03756     0.00000    -0.02008
    14.00000    -0.02724     0.00000    -9.81000     0.01807     0.00000    -0.02626
    14.10000    -0.00712     0.00000    -9.81000    -0.00253     0.00000    -0.02915
    14.20000     0.01318     0.00000    -9.81000    -0.02251     0.00000    -0.02628
    14.30000     0.03200     0.00000    -9.81000    -0.04024     0.00000    -0.01833
    14.40000     0.04784     0.00000    -9.81000    -0.05433     0.00000    -0.00905
    14.50000     0.05945     0.00000    -9.81000    -0.06369     0.00000    -0.00244
    14.60000     0.06594     0.00000    -9.81000    -0.06759     0.00000    -0.00048
    14.70000     0.06678     0.00000    -9.81000    -0.06573     0.00000    -0.00285
    14.80000     0.06191     0.00000    -9.81000    -0.05826     0.00000    -0.00810
    14.90000     0.05175     0.00000    -9.81000    -0.04585     0.00000    -0.01462
    15.00000     0.03728     0.00000    -9.81000    -0.02968     0.00000    -0.02058
    15.10000     0.01989     0.00000    -9.81000    -0.01135     0.00000    -0.02393
    15.20000     0.00133     0.00000    -9.81000     0.00734     0.00000    -0.02308
    15.30000    -0.01664     0.00000    -9.81000     0.02463     0.00000    -0.01808
    15.40000    -0.03241     0.00000    -9.81000     0.03905     0.00000    -0.01083
    15.50000    -0.04475     0.00000    -9.81000     0.04956     0.00000    -0.00420
    15.60000    -0.05286     0.00000    -9.81000     0.05556     0.00000    -0.00046
    15.70000    -0.05636     0.00000    -9.81000     0.05686     0.00000    -0.00020
    15.80000    -0.05523     0.00000    -9.81000     0.05360     0.00000    -0.00232
    15.90000    -0.04977     0.00000    -9.81000     0.04623     0.00000    -0.00530
    16.00000    -0.04056     0.00000    -9.81000     0.03543     0.00000    -0.00845
    16.10000    -0.02838     0.00000    -9.81000     0.02208     0.00000    -0.01168
    16.20000    -0.01417     0.00000    -9.81000     0.00718     0.00000    -0.01443
    16.30000     0.00098     0.00000    -9.81000    -0.00813     0.00000    -0.01534
    16.40000     0.01591     0.00000    -9.81000    -0.02264     0.00000    -0.01336
    16.50000     0.02940     0.00000    -9.81000    -0.03515     0.00000    -0.00904
    16.60000     0.04030     0.00000    -9.81000    -0.04454     0.00000    -0.00436
    16.70000     0.04760     0.00000    -9.81000    -0.04995     0.00000    -0.00132
    16.80000     0.05059     0.00000    -9.81000    -0.05081     0.00000    -0.00091
    16.90000     0.04894     0.00000    -9.81000    -0.04699     0.00000    -0.00301
    17.00000     0.04279     0.00000    -9.81000    -0.03888     0.00000    -0.00693
    17.10000     0.03281     0.00000    -9.81000    -0.02736     0.00000    -0.01145
    17.20000     0.02010     0.00000    -9.81000    -0.01369     0.00000    -0.01490
    17.30000     0.00601     0.00000    -9.81000     0.00071     0.00000    -0.01563
    17.40000    -0.00807     0.00000    -9.81000     0.01447     0.00000    -0.01304
    17.50000    -0.02090     0.00000    -9.81000     0.02645     0.00000    -0.00821
    17.60000    -0.03146     0.00000    -9.81000     0.03575     0.00000    -0.00346
    17.70000    -0.03905     0.00000    -9.81000     0.04180     0.00000    -0.00086
    17.80000    -0.04321     0.00000    -9.81000     0.04428     0.00000    -0.00102
    17.90000    -0.04378     0.00000    -9.81000     0.04317     0.00000    -0.00282
    18.00000    -0.04084     0.00000    -9.81000     0.03864     0.00000    -0.00453
    18.10000    -0.03471     0.00000    -9.81000     0.03112     0.00000    -0.00551
    18.20000    -0.02590     0.00000    -9.81000     0.02122     0.00000    -0.00668
    18.30000    -0.01514     0.00000    -9.81000     0.00974     0.00000    -0.00905
    18.40000    -0.00329     0.00000    -9.81000    -0.00237     0.00000    -0.01150
    18.50000     0.00865     0.00000    -9.81000    -0.01412     0.00000    -0.01142
    18.60000     0.01970     0.00000    -9.81000    -0.02452     0.00000    -0.00793
    18.70000     0.02895     0.00000    -9.81000    -0.03269     0.00000    -0.00313
    18.80000     0.03560     0.00000    -9.81000    -0.03797     0.00000    -0.00032
    18.90000     0.03911     0.00000    -9.81000    -0.03990     0.00000    -0.00082
    19.00000     0.03918     0.00000    -9.81000    -0.03832     0.00000    -0.00316
    19.10000     0.03579     0.00000    -9.81000    -0.03338     0.00000    -0.00513
    19.20000     0.02927     0.00000    -9.81000    -0.02554     0.00000    -0.00616
    19.30000     0.02026     0.00000    -9.81000    -0.01560     0.00000    -0.00726
    19.40000     0.00971     0.00000    -9.81000    -0.00457     0.00000    -0.00875
    19.50000    -0.00133     0.00000    -9.81000     0.00644     0.00000    -0.00927
    19.60000    -0.01181     0.00000    -9.81000     0.01643     0.00000    -0.00757
    19.70000    -0.02083     0.00000    -9.81000     0.02457     0.00000    -0.00424
    19.80000    -0.02769     0.00000    -9.81000     0.03030     0.00000    -0.00127
    19.90000    -0.03196     0.00000    -9.81000     0.03329     0.00000    -0.00017
    20.00000    -0.03346     0.00000    -9.81000     0.03348     0.00000    -0.00087
    20.10000    -0.03222     0.00000    -9.81000     0.03100     0.00000    -0.00221
    20.20000    -0.02848     0.00000    -9.81000     0.02618     0.00000    -0.00317
    20.30000    -0.02263     0.00000    -9.81000     0.01945     0.00000    -0.00362
    20.40000    -0.01516     0.00000    -9.81000     0.01134     0.00000    -0.00416
    20.50000    -0.00663     0.00000    -9.81000     0.00245     0.00000    -0.00505
    20.60000     0.00235     0.00000    -9.81000    -0.00658     0.00000    -0.00575
    20.70000     0.01112     0.00000    -9.81000    -0.01508     0.00000    -0.00541
    20.80000     0.01898     0.00000    -9.81000    -0.02234     0.00000    -0.00376
    20.90000     0.02526     0.00000    -9.81000    -0.02770     0.00000    -0.00164
    21.00000     0.02937     0.00000    -9.81000    -0.03065     0.00000    -0.00029
    21.10000     0.03087     0.00000    -9.81000    -0.03087     0.00000    -0.00039
    21.20000     0.02958     0.00000    -9.81000    -0.02828     0.00000    -0.00163
    21.30000     0.02560     0.00000    -9.81000    -0.02312     0.00000    -0.00332
    21.40000     0.01931     0.00000    -9.81000    -0.01592     0.00000    -0.00499
    21.50000     0.01139     0.00000    -9.81000    -0.00745     0.00000    -0.00617
    21.60000     0.00271     0.00000    -9.81000     0.00135     0.00000    -0.00628
    21.70000    -0.00578     0.00000    -9.81000     0.00955     0.00000    -0.00487
    21.80000    -0.01327     0.00000    -9.81000     0.01640     0.00000    -0.00251
    21.90000    -0.01912     0.00000    -9.81000     0.02140     0.00000    -0.00065
    22.00000    -0.02299     0.00000    -9.81000     0.02429     0.00000    -0.00034
    22.10000    -0.02474     0.00000    -9.81000     0.02506     0.00000    -0.00120
    22.20000    -0.02444     0.00000    -9.81000     0.02383     0.00000    -0.00206
    22.30000    -0.02228     0.00000    -9.81000     0.02086     0.00000    -0.00214
    22.40000    -0.01854     0.00000    -9.81000     0.01643     0.00000    -0.00186
    22.50000    -0.01351     0.00000    -9.81000     0.01087     0.00000    -0.00222
    22.60000    -0.00755     0.00000    -9.81000     0.00456     0.00000    -0.00361
    22.70000    -0.00106     0.00000    -9.81000    -0.00206     0.00000    -0.00511
    22.80000     0.00549     0.00000    -9.81000    -0.00851     0.00000    -0.00521
    22.90000     0.01162     0.00000    -9.81000    -0.01430     0.00000    -0.00356
    23.00000     0.01682     0.00000    -9.81000    -0.01893     0.00000    -0.00147
    23.10000     0.02062     0.00000    -9.81000    -0.02196     0.00000    -0.00080
    23.20000     0.02264     0.00000    -9.81000    -0.02307     0.00000    -0.00209
    23.30000     0.02263     0.00000    -9.81000    -0.02209     0.00000    -0.00395
    23.40000     0.02054     0.00000    -9.81000    -0.01907     0.00000    -0.00440
    23.50000     0.01656     0.00000    -9.81000    -0.01429     0.00000    -0.00318
    23.60000     0.01109     0.00000    -9.81000    -0.00828     0.00000    -0.00232
    23.70000     0.00475     0.00000    -9.81000    -0.00169     0.00000    -0.00351
    23.80000    -0.00177     0.00000    -9.81000     0.00476     0.00000    -0.00559
    23.90000    -0.00782     0.00000    -9.81000     0.01046     0.00000    -0.00588
    24.00000    -0.01289     0.00000    -9.81000     0.01497     0.00000    -0.00351
    24.10000    -0.01663     0.00000    -9.81000     0.01803     0.00000    -0.00054
    24.20000    -0.01884     0.00000    -9.81000     0.01951     0.00000     0.00042
    24.30000    -0.01948     0.00000    -9.81000     0.01941     0.00000    -0.00103
    24.40000    -0.01860     0.00000    -9.81000     0.01784     0.00000    -0.00293
    24.50000    -0.01636     0.00000    -9.81000     0.01501     0.00000    -0.00331
    24.60000    -0.01297     0.00000    -9.81000     0.01114     0.00000    -0.00227
    24.70000    -0.00870     0.00000    -9.81000     0.00652     0.00000    -0.00146
    24.80000    -0.00383     0.00000    -9.81000     0.00144     0.00000    -0.00182
    24.90000     0.00132     0.00000    -9.81000    -0.00376     0.00000    -0.00268
    25.00000     0.00640     0.00000    -9.81000    -0.00870     0.00000    -0.00284
    25.10000     0.01100     0.00000    -9.81000    -0.01297     0.00000    -0.00206
