     0.01000     0.00006     0.00000
     0.02000     0.00024     0.00000
     0.03000     0.00055     0.00000
     0.04000     0.00097     0.00000
     0.05000     0.00152     0.00000
     0.06000     0.00218     0.00000
     0.07000     0.00297     0.00000
     0.08000     0.00387     0.00000
     0.09000     0.00488     0.00000
     0.10000     0.00602     0.00000
     0.11000     0.00726     0.00000
     0.12000     0.00862    -0.00001
     0.13000     0.01009    -0.00001
     0.14000     0.01166    -0.00001
     0.15000     0.01334    -0.00001
     0.16000     0.01513    -0.00002
     0.17000     0.01701    -0.00002
     0.18000     0.01899    -0.00002
     0.19000     0.02107    -0.00003
     0.20000     0.02324    -0.00004
     0.21000     0.02550    -0.00005
     0.22000     0.02785    -0.00005
     0.23000     0.03027    -0.00006
     0.24000     0.03278    -0.00008
     0.25000     0.03537    -0.00009
     0.26000     0.03802    -0.00010
     0.27000     0.04075    -0.00012
     0.28000     0.04354    -0.00014
     0.29000     0.04639    -0.00015
     0.30000     0.04922    -0.00017
     0.31000     0.05199    -0.00020
     0.32000     0.05469    -0.00022
     0.33000     0.05732    -0.00024
     0.34000     0.05988    -0.00026
     0.35000     0.06237    -0.00029
     0.36000     0.06478    -0.00031
     0.37000     0.06711    -0.00034
     0.38000     0.06937    -0.00036
     0.39000     0.07154    -0.00039
     0.40000     0.07364    -0.00041
     0.41000     0.07565    -0.00044
     0.42000     0.07758    -0.00047
     0.43000     0.07943    -0.00049
     0.44000     0.08119    -0.00052
     0.45000     0.08288    -0.00054
     0.46000     0.08448    -0.00057
     0.47000     0.08599    -0.00059
     0.48000     0.08743    -0.00061
     0.49000     0.08878    -0.00064
     0.50000     0.09005    -0.00066
     0.51000     0.09125    -0.00068
     0.52000     0.09236    -0.00070
     0.53000     0.09339    -0.00072
     0.54000     0.09435    -0.00074
     0.55000     0.09523    -0.00076
     0.56000     0.09603    -0.00078
     0.57000     0.09676    -0.00079
     0.58000     0.09742    -0.00081
     0.59000     0.09801    -0.00082
     0.60000     0.09852    -0.00083
     0.61000     0.09897    -0.00084
     0.62000     0.09935    -0.00085
     0.63000     0.09966    -0.00086
     0.64000     0.09990    -0.00087
     0.65000     0.10008    -0.00087
     0.66000     0.10019    -0.00088
     0.67000     0.10025    -0.00088
     0.68000     0.10024    -0.00088
     0.69000     0.10016    -0.00088
     0.70000     0.10003    -0.00088
     0.71000     0.09984    -0.00087
     0.72000     0.09959    -0.00087
     0.73000     0.09928    -0.00086
     0.74000     0.09891    -0.00085
     0.75000     0.09848    -0.00084
     0.76000     0.09800    -0.00083
     0.77000     0.09746    -0.00082
     0.78000     0.09686    -0.00081
     0.79000     0.09620    -0.00079
     0.80000     0.09549    -0.00078
     0.81000     0.09472    -0.00076
     0.82000     0.09390    -0.00075
     0.83000     0.09302    -0.00073
     0.84000     0.09208    -0.00071
     0.85000     0.09108    -0.00069
     0.86000     0.09003    -0.00067
     0.87000     0.08892    -0.00064
     0.88000     0.08775    -0.00062
     0.89000     0.08653    -0.00060
     0.90000     0.08524    -0.00058
     0.91000     0.08390    -0.00055
     0.92000     0.08250    -0.00053
     0.93000     0.08104    -0.00050
     0.94000     0.07952    -0.00048
     0.95000     0.07795    -0.00045
     0.96000     0.07632    -0.00043
     0.97000     0.07462    -0.00040
     0.98000     0.07287    -0.00038
     0.99000     0.07106    -0.00035
     1.00000     0.06920    -0.00033
     1.01000     0.06727    -0.00030
     1.02000     0.06529    -0.00028
     1.03000     0.06326    -0.00026
     1.04000     0.06117    -0.00023
     1.05000     0.05902    -0.00021
     1.06000     0.05682    -0.00019
     1.07000     0.05456    -0.00017
     1.08000     0.05226    -0.00015
     1.09000     0.04990    -0.00013
     1.10000     0.04749    -0.00012
     1.11000     0.04504    -0.00010
     1.12000     0.04253    -0.00009
     1.13000     0.03999    -0.00007
     1.14000     0.03740    -0.00006
     1.15000     0.03477    -0.00005
     1.16000     0.03209    -0.00004
     1.17000     0.02938    -0.00003
     1.18000     0.02664    -0.00002
     1.19000     0.02386    -0.00002
     1.20000     0.02105    -0.00001
     1.21000     0.01822    -0.00001
     1.22000     0.01535    -0.00001
     1.23000     0.01246     0.00000
     1.24000     0.00956    -0.00001
     1.25000     0.00663    -0.00001
     1.26000     0.00368    -0.00001
     1.27000     0.00073    -0.00002
     1.28000    -0.00224    -0.00002
     1.29000    -0.00521    -0.00003
     1.30000    -0.00819    -0.00004
     1.31000    -0.01118    -0.00005
     1.32000    -0.01416    -0.00006
     1.33000    -0.01714    -0.00008
     1.34000    -0.02011    -0.00009
     1.35000    -0.02307    -0.00011
     1.36000    -0.02602    -0.00012
     1.37000    -0.02896    -0.00014
     1.38000    -0.03187    -0.00016
     1.39000    -0.03477    -0.00018
     1.40000    -0.03765    -0.00020
     1.41000    -0.04050    -0.00022
     1.42000    -0.04332    -0.00024
     1.43000    -0.04611    -0.00026
     1.44000    -0.04886    -0.00029
     1.45000    -0.05158    -0.00031
     1.46000    -0.05427    -0.00034
     1.47000    -0.05691    -0.00036
     1.48000    -0.05950    -0.00038
     1.49000    -0.06205    -0.00041
     1.50000    -0.06456    -0.00043
     1.51000    -0.06701    -0.00046
     1.52000    -0.06941    -0.00048
     1.53000    -0.07175    -0.00051
     1.54000    -0.07404    -0.00053
     1.55000    -0.07627    -0.00056
     1.56000    -0.07843    -0.00058
     1.57000    -0.08054    -0.00061
     1.58000    -0.08257    -0.00063
     1.59000    -0.08454    -0.00065
     1.60000    -0.08645    -0.00067
     1.61000    -0.08827    -0.00069
     1.62000    -0.09003    -0.00071
     1.63000    -0.09171    -0.00073
     1.64000    -0.09332    -0.00075
     1.65000    -0.09484    -0.00077
     1.66000    -0.09629    -0.00078
     1.67000    -0.09765    -0.00080
     1.68000    -0.09893    -0.00081
     1.69000    -0.10012    -0.00082
     1.70000    -0.10123    -0.00083
     1.71000    -0.10224    -0.00084
     1.72000    -0.10317    -0.00085
     1.73000    -0.10400    -0.00086
     1.74000    -0.10474    -0.00086
     1.75000    -0.10539    -0.00086
     1.76000    -0.10594    -0.00087
     1.77000    -0.10639    -0.00087
     1.78000    -0.10674    -0.00086
     1.79000    -0.10699    -0.00086
     1.80000    -0.10714    -0.00086
     1.81000    -0.10719    -0.00085
     1.82000    -0.10713    -0.00084
     1.83000    -0.10697    -0.00084
     1.84000    -0.10670    -0.00083
     1.85000    -0.10633    -0.00081
     1.86000    -0.10585    -0.00080
     1.87000    -0.10526    -0.00079
     1.88000    -0.10456    -0.00077
     1.89000    -0.10376    -0.00076
     1.90000    -0.10284    -0.00074
     1.91000    -0.10182    -0.00072
     1.92000    -0.10069    -0.00070
     1.93000    -0.09945    -0.00068
     1.94000    -0.09810    -0.00066
     1.95000    -0.09664    -0.00064
     1.96000    -0.09508    -0.00061
     1.97000    -0.09340    -0.00059
     1.98000    -0.09163    -0.00056
     1.99000    -0.08975    -0.00054
     2.00000    -0.08777    -0.00052
     2.01000    -0.08568    -0.00049
     2.02000    -0.08350    -0.00046
     2.03000    -0.08122    -0.00044
     2.04000    -0.07884    -0.00041
     2.05000    -0.07637    -0.00039
     2.06000    -0.07382    -0.00036
     2.07000    -0.07117    -0.00034
     2.08000    -0.06844    -0.00031
     2.09000    -0.06562    -0.00029
     2.10000    -0.06273    -0.00027
     2.11000    -0.05976    -0.00024
     2.12000    -0.05672    -0.00022
     2.13000    -0.05361    -0.00020
     2.14000    -0.05044    -0.00018
     2.15000    -0.04720    -0.00016
     2.16000    -0.04391    -0.00014
     2.17000    -0.04057    -0.00012
     2.18000    -0.03718    -0.00011
     2.19000    -0.03374    -0.00009
     2.20000    -0.03027    -0.00008
     2.21000    -0.02676    -0.00006
     2.22000    -0.02322    -0.00005
     2.23000    -0.01966    -0.00004
     2.24000    -0.01607    -0.00003
     2.25000    -0.01247    -0.00002
     2.26000    -0.00886    -0.00002
     2.27000    -0.00524    -0.00001
     2.28000    -0.00162    -0.00001
     2.29000     0.00200    -0.00001
     2.30000     0.00562    -0.00001
     2.31000     0.00922    -0.00001
     2.32000     0.01280    -0.00001
     2.33000     0.01636    -0.00001
     2.34000     0.01990    -0.00002
     2.35000     0.02341    -0.00002
     2.36000     0.02688    -0.00003
     2.37000     0.03032    -0.00004
     2.38000     0.03372    -0.00005
     2.39000     0.03707    -0.00006
     2.40000     0.04037    -0.00007
     2.41000     0.04362    -0.00009
     2.42000     0.04681    -0.00010
     2.43000     0.04994    -0.00012
     2.44000     0.05301    -0.00013
     2.45000     0.05602    -0.00015
     2.46000     0.05896    -0.00017
     2.47000     0.06182    -0.00019
     2.48000     0.06461    -0.00021
     2.49000     0.06733    -0.00023
     2.50000     0.06997    -0.00025
     2.51000     0.07252    -0.00028
     2.52000     0.07500    -0.00030
     2.53000     0.07739    -0.00032
     2.54000     0.07970    -0.00035
     2.55000     0.08191    -0.00037
     2.56000     0.08404    -0.00040
     2.57000     0.08609    -0.00042
     2.58000     0.08803    -0.00045
     2.59000     0.08989    -0.00047
     2.60000     0.09166    -0.00049
     2.61000     0.09333    -0.00052
     2.62000     0.09491    -0.00054
     2.63000     0.09639    -0.00057
     2.64000     0.09778    -0.00059
     2.65000     0.09908    -0.00061
     2.66000     0.10028    -0.00063
     2.67000     0.10138    -0.00066
     2.68000     0.10239    -0.00068
     2.69000     0.10331    -0.00070
     2.70000     0.10413    -0.00071
     2.71000     0.10485    -0.00073
     2.72000     0.10548    -0.00075
     2.73000     0.10602    -0.00077
     2.74000     0.10646    -0.00078
     2.75000     0.10682    -0.00079
     2.76000     0.10707    -0.00081
     2.77000     0.10724    -0.00082
     2.78000     0.10732    -0.00083
     2.79000     0.10731    -0.00084
     2.80000     0.10720    -0.00084
     2.81000     0.10701    -0.00085
     2.82000     0.10673    -0.00085
     2.83000     0.10637    -0.00086
     2.84000     0.10592    -0.00086
     2.85000     0.10538    -0.00086
     2.86000     0.10476    -0.00085
     2.87000     0.10406    -0.00085
     2.88000     0.10328    -0.00085
     2.89000     0.10242    -0.00084
     2.90000     0.10148    -0.00083
     2.91000     0.10046    -0.00083
     2.92000     0.09937    -0.00082
     2.93000     0.09820    -0.00081
     2.94000     0.09696    -0.00079
     2.95000     0.09565    -0.00078
     2.96000     0.09427    -0.00076
     2.97000     0.09282    -0.00075
     2.98000     0.09131    -0.00073
     2.99000     0.08973    -0.00071
     3.00000     0.08809    -0.00069
     3.01000     0.08638    -0.00067
     3.02000     0.08462    -0.00065
     3.03000     0.08281    -0.00063
     3.04000     0.08094    -0.00061
     3.05000     0.07902    -0.00059
     3.06000     0.07705    -0.00056
     3.07000     0.07503    -0.00054
     3.08000     0.07296    -0.00052
     3.09000     0.07085    -0.00049
     3.10000     0.06871    -0.00047
     3.11000     0.06652    -0.00044
     3.12000     0.06430    -0.00042
     3.13000     0.06204    -0.00039
     3.14000     0.05976    -0.00037
     3.15000     0.05745    -0.00035
     3.16000     0.05511    -0.00032
     3.17000     0.05274    -0.00030
     3.18000     0.05036    -0.00027
     3.19000     0.04796    -0.00025
     3.20000     0.04554    -0.00023
     3.21000     0.04310    -0.00021
     3.22000     0.04066    -0.00019
     3.23000     0.03820    -0.00017
     3.24000     0.03574    -0.00015
     3.25000     0.03328    -0.00013
     3.26000     0.03081    -0.00011
     3.27000     0.02833    -0.00010
     3.28000     0.02586    -0.00008
     3.29000     0.02339    -0.00007
     3.30000     0.02093    -0.00006
     3.31000     0.01847    -0.00004
     3.32000     0.01601    -0.00003
     3.33000     0.01356    -0.00003
     3.34000     0.01113    -0.00002
     3.35000     0.00870    -0.00001
     3.36000     0.00628    -0.00001
     3.37000     0.00388    -0.00001
     3.38000     0.00149     0.00000
     3.39000    -0.00089     0.00000
     3.40000    -0.00326    -0.00001
     3.41000    -0.00561    -0.00001
     3.42000    -0.00794    -0.00001
     3.43000    -0.01026    -0.00002
     3.44000    -0.01257    -0.00003
     3.45000    -0.01486    -0.00003
     3.46000    -0.01713    -0.00004
     3.47000    -0.01939    -0.00006
     3.48000    -0.02163    -0.00007
     3.49000    -0.02386    -0.00008
     3.50000    -0.02608    -0.00010
     3.51000    -0.02828    -0.00011
     3.52000    -0.03046    -0.00013
     3.53000    -0.03263    -0.00015
     3.54000    -0.03478    -0.00017
     3.55000    -0.03693    -0.00019
     3.56000    -0.03905    -0.00021
     3.57000    -0.04117    -0.00023
     3.58000    -0.04327    -0.00025
     3.59000    -0.04535    -0.00027
     3.60000    -0.04742    -0.00030
     3.61000    -0.04948    -0.00032
     3.62000    -0.05152    -0.00034
     3.63000    -0.05355    -0.00037
     3.64000    -0.05557    -0.00039
     3.65000    -0.05757    -0.00042
     3.66000    -0.05955    -0.00044
     3.67000    -0.06152    -0.00047
     3.68000    -0.06346    -0.00049
     3.69000    -0.06539    -0.00052
     3.70000    -0.06730    -0.00054
     3.71000    -0.06919    -0.00056
     3.72000    -0.07106    -0.00059
     3.73000    -0.07290    -0.00061
     3.74000    -0.07471    -0.00063
     3.75000    -0.07650    -0.00065
     3.76000    -0.07826    -0.00067
     3.77000    -0.07998    -0.00069
     3.78000    -0.08167    -0.00071
     3.79000    -0.08332    -0.00073
     3.80000    -0.08493    -0.00075
     3.81000    -0.08649    -0.00076
     3.82000    -0.08801    -0.00078
     3.83000    -0.08948    -0.00079
     3.84000    -0.09090    -0.00080
     3.85000    -0.09226    -0.00081
     3.86000    -0.09355    -0.00082
     3.87000    -0.09479    -0.00083
     3.88000    -0.09596    -0.00084
     3.89000    -0.09705    -0.00084
     3.90000    -0.09808    -0.00085
     3.91000    -0.09902    -0.00085
     3.92000    -0.09988    -0.00085
     3.93000    -0.10065    -0.00085
     3.94000    -0.10134    -0.00085
     3.95000    -0.10193    -0.00085
     3.96000    -0.10242    -0.00085
     3.97000    -0.10281    -0.00084
     3.98000    -0.10309    -0.00083
     3.99000    -0.10327    -0.00083
     4.00000    -0.10334    -0.00082
     4.01000    -0.10329    -0.00081
     4.02000    -0.10313    -0.00079
     4.03000    -0.10284    -0.00078
     4.04000    -0.10243    -0.00077
     4.05000    -0.10190    -0.00075
     4.06000    -0.10124    -0.00073
     4.07000    -0.10046    -0.00072
     4.08000    -0.09954    -0.00070
     4.09000    -0.09850    -0.00068
     4.10000    -0.09732    -0.00066
     4.11000    -0.09601    -0.00064
     4.12000    -0.09457    -0.00061
     4.13000    -0.09301    -0.00059
     4.14000    -0.09131    -0.00057
     4.15000    -0.08948    -0.00054
     4.16000    -0.08752    -0.00052
     4.17000    -0.08544    -0.00049
     4.18000    -0.08324    -0.00047
     4.19000    -0.08091    -0.00044
     4.20000    -0.07847    -0.00042
     4.21000    -0.07591    -0.00039
     4.22000    -0.07324    -0.00037
     4.23000    -0.07046    -0.00034
     4.24000    -0.06758    -0.00032
     4.25000    -0.06460    -0.00030
     4.26000    -0.06152    -0.00027
     4.27000    -0.05836    -0.00025
     4.28000    -0.05511    -0.00023
     4.29000    -0.05179    -0.00020
     4.30000    -0.04839    -0.00018
     4.31000    -0.04492    -0.00016
     4.32000    -0.04140    -0.00014
     4.33000    -0.03782    -0.00013
     4.34000    -0.03419    -0.00011
     4.35000    -0.03052    -0.00009
     4.36000    -0.02681    -0.00008
     4.37000    -0.02308    -0.00006
     4.38000    -0.01932    -0.00005
     4.39000    -0.01555    -0.00004
     4.40000    -0.01176    -0.00003
     4.41000    -0.00798    -0.00002
     4.42000    -0.00420    -0.00002
     4.43000    -0.00043    -0.00001
     4.44000     0.00333    -0.00001
     4.45000     0.00706     0.00000
     4.46000     0.01077     0.00000
     4.47000     0.01444     0.00000
     4.48000     0.01807     0.00000
     4.49000     0.02166    -0.00001
     4.50000     0.02519    -0.00001
     4.51000     0.02867    -0.00002
     4.52000     0.03209    -0.00002
     4.53000     0.03545    -0.00003
     4.54000     0.03874    -0.00004
     4.55000     0.04196    -0.00005
     4.56000     0.04509    -0.00007
     4.57000     0.04815    -0.00008
     4.58000     0.05113    -0.00010
     4.59000     0.05402    -0.00011
     4.60000     0.05683    -0.00013
     4.61000     0.05954    -0.00015
     4.62000     0.06216    -0.00017
     4.63000     0.06468    -0.00019
     4.64000     0.06711    -0.00021
     4.65000     0.06944    -0.00023
     4.66000     0.07168    -0.00025
     4.67000     0.07381    -0.00027
     4.68000     0.07585    -0.00029
     4.69000     0.07779    -0.00032
     4.70000     0.07962    -0.00034
     4.71000     0.08136    -0.00036
     4.72000     0.08300    -0.00039
     4.73000     0.08454    -0.00041
     4.74000     0.08599    -0.00044
     4.75000     0.08733    -0.00046
     4.76000     0.08859    -0.00048
     4.77000     0.08975    -0.00051
     4.78000     0.09081    -0.00053
     4.79000     0.09179    -0.00055
     4.80000     0.09267    -0.00057
     4.81000     0.09347    -0.00060
     4.82000     0.09419    -0.00062
     4.83000     0.09482    -0.00064
     4.84000     0.09536    -0.00066
     4.85000     0.09583    -0.00068
     4.86000     0.09622    -0.00070
     4.87000     0.09654    -0.00071
     4.88000     0.09678    -0.00073
     4.89000     0.09695    -0.00075
     4.90000     0.09705    -0.00076
     4.91000     0.09709    -0.00077
     4.92000     0.09706    -0.00079
     4.93000     0.09696    -0.00080
     4.94000     0.09681    -0.00081
     4.95000     0.09659    -0.00081
     4.96000     0.09632    -0.00082
     4.97000     0.09599    -0.00083
     4.98000     0.09561    -0.00083
     4.99000     0.09517    -0.00083
     5.00000     0.09468    -0.00084
     5.01000     0.09415    -0.00084
     5.02000     0.09356    -0.00083
     5.03000     0.09293    -0.00083
     5.04000     0.09225    -0.00083
     5.05000     0.09153    -0.00082
     5.06000     0.09076    -0.00082
     5.07000     0.08995    -0.00081
     5.08000     0.08910    -0.00080
     5.09000     0.08820    -0.00079
     5.10000     0.08726    -0.00078
     5.11000     0.08629    -0.00076
     5.12000     0.08527    -0.00075
     5.13000     0.08422    -0.00073
     5.14000     0.08312    -0.00072
     5.15000     0.08199    -0.00070
     5.16000     0.08082    -0.00068
     5.17000     0.07961    -0.00066
     5.18000     0.07836    -0.00064
     5.19000     0.07707    -0.00062
     5.20000     0.07575    -0.00060
     5.21000     0.07439    -0.00057
     5.22000     0.07299    -0.00055
     5.23000     0.07155    -0.00053
     5.24000     0.07007    -0.00050
     5.25000     0.06856    -0.00048
     5.26000     0.06701    -0.00046
     5.27000     0.06542    -0.00043
     5.28000     0.06379    -0.00041
     5.29000     0.06213    -0.00038
     5.30000     0.06043    -0.00036
     5.31000     0.05869    -0.00033
     5.32000     0.05691    -0.00031
     5.33000     0.05510    -0.00029
     5.34000     0.05325    -0.00026
     5.35000     0.05136    -0.00024
     5.36000     0.04944    -0.00022
     5.37000     0.04748    -0.00020
     5.38000     0.04548    -0.00018
     5.39000     0.04345    -0.00016
     5.40000     0.04139    -0.00014
     5.41000     0.03929    -0.00012
     5.42000     0.03715    -0.00011
     5.43000     0.03499    -0.00009
     5.44000     0.03279    -0.00008
     5.45000     0.03056    -0.00006
     5.46000     0.02830    -0.00005
     5.47000     0.02601    -0.00004
     5.48000     0.02369    -0.00003
     5.49000     0.02134    -0.00002
     5.50000     0.01897    -0.00001
     5.51000     0.01657    -0.00001
     5.52000     0.01414    -0.00001
     5.53000     0.01170     0.00000
     5.54000     0.00923     0.00000
     5.55000     0.00673     0.00000
     5.56000     0.00422     0.00000
     5.57000     0.00169    -0.00001
     5.58000    -0.00085    -0.00001
     5.59000    -0.00341    -0.00002
     5.60000    -0.00599    -0.00002
     5.61000    -0.00857    -0.00003
     5.62000    -0.01117    -0.00004
     5.63000    -0.01377    -0.00005
     5.64000    -0.01639    -0.00007
     5.65000    -0.01900    -0.00008
     5.66000    -0.02163    -0.00010
     5.67000    -0.02425    -0.00011
     5.68000    -0.02687    -0.00013
     5.69000    -0.02949    -0.00015
     5.70000    -0.03210    -0.00017
     5.71000    -0.03471    -0.00019
     5.72000    -0.03731    -0.00021
     5.73000    -0.03990    -0.00023
     5.74000    -0.04248    -0.00025
     5.75000    -0.04504    -0.00027
     5.76000    -0.04758    -0.00030
     5.77000    -0.05010    -0.00032
     5.78000    -0.05260    -0.00034
     5.79000    -0.05508    -0.00037
     5.80000    -0.05753    -0.00039
     5.81000    -0.05994    -0.00042
     5.82000    -0.06233    -0.00044
     5.83000    -0.06468    -0.00047
     5.84000    -0.06699    -0.00049
     5.85000    -0.06926    -0.00052
     5.86000    -0.07149    -0.00054
     5.87000    -0.07367    -0.00056
     5.88000    -0.07580    -0.00059
     5.89000    -0.07788    -0.00061
     5.90000    -0.07990    -0.00063
     5.91000    -0.08186    -0.00065
     5.92000    -0.08377    -0.00067
     5.93000    -0.08561    -0.00069
     5.94000    -0.08738    -0.00071
     5.95000    -0.08909    -0.00073
     5.96000    -0.09072    -0.00075
     5.97000    -0.09227    -0.00077
     5.98000    -0.09374    -0.00078
     5.99000    -0.09514    -0.00080
     6.00000    -0.09644    -0.00081
     6.01000    -0.09766    -0.00082
     6.02000    -0.09879    -0.00083
     6.03000    -0.09983    -0.00084
     6.04000    -0.10077    -0.00085
     6.05000    -0.10161    -0.00085
     6.06000    -0.10235    -0.00086
     6.07000    -0.10299    -0.00086
     6.08000    -0.10352    -0.00086
     6.09000    -0.10394    -0.00087
     6.10000    -0.10425    -0.00086
     6.11000    -0.10445    -0.00086
     6.12000    -0.10454    -0.00086
     6.13000    -0.10451    -0.00085
     6.14000    -0.10436    -0.00085
     6.15000    -0.10409    -0.00084
     6.16000    -0.10371    -0.00083
     6.17000    -0.10320    -0.00082
     6.18000    -0.10257    -0.00080
     6.19000    -0.10182    -0.00079
     6.20000    -0.10095    -0.00078
     6.21000    -0.09996    -0.00076
     6.22000    -0.09885    -0.00074
     6.23000    -0.09761    -0.00073
     6.24000    -0.09626    -0.00071
     6.25000    -0.09478    -0.00069
     6.26000    -0.09319    -0.00066
     6.27000    -0.09148    -0.00064
     6.28000    -0.08965    -0.00062
     6.29000    -0.08772    -0.00060
     6.30000    -0.08567    -0.00057
     6.31000    -0.08351    -0.00055
     6.32000    -0.08125    -0.00052
     6.33000    -0.07889    -0.00050
     6.34000    -0.07642    -0.00047
     6.35000    -0.07387    -0.00045
     6.36000    -0.07122    -0.00042
     6.37000    -0.06848    -0.00040
     6.38000    -0.06566    -0.00037
     6.39000    -0.06276    -0.00035
     6.40000    -0.05979    -0.00032
     6.41000    -0.05675    -0.00030
     6.42000    -0.05364    -0.00027
     6.43000    -0.05047    -0.00025
     6.44000    -0.04725    -0.00023
     6.45000    -0.04398    -0.00020
     6.46000    -0.04067    -0.00018
     6.47000    -0.03732    -0.00016
     6.48000    -0.03393    -0.00014
     6.49000    -0.03052    -0.00013
     6.50000    -0.02709    -0.00011
     6.51000    -0.02364    -0.00009
     6.52000    -0.02018    -0.00008
     6.53000    -0.01672    -0.00006
     6.54000    -0.01326    -0.00005
     6.55000    -0.00980    -0.00004
     6.56000    -0.00635    -0.00003
     6.57000    -0.00293    -0.00002
     6.58000     0.00048    -0.00002
     6.59000     0.00386    -0.00001
     6.60000     0.00721    -0.00001
     6.61000     0.01052     0.00000
     6.62000     0.01379     0.00000
     6.63000     0.01702     0.00000
     6.64000     0.02019     0.00000
     6.65000     0.02332    -0.00001
     6.66000     0.02639    -0.00001
     6.67000     0.02940    -0.00002
     6.68000     0.03235    -0.00003
     6.69000     0.03523    -0.00003
     6.70000     0.03804    -0.00004
     6.71000     0.04079    -0.00006
     6.72000     0.04346    -0.00007
     6.73000     0.04606    -0.00008
     6.74000     0.04858    -0.00010
     6.75000     0.05103    -0.00011
     6.76000     0.05339    -0.00013
     6.77000     0.05568    -0.00015
     6.78000     0.05789    -0.00017
     6.79000     0.06001    -0.00019
     6.80000     0.06206    -0.00021
     6.81000     0.06402    -0.00023
     6.82000     0.06591    -0.00025
     6.83000     0.06771    -0.00027
     6.84000     0.06944    -0.00029
     6.85000     0.07108    -0.00032
     6.86000     0.07264    -0.00034
     6.87000     0.07413    -0.00036
     6.88000     0.07554    -0.00039
     6.89000     0.07687    -0.00041
     6.90000     0.07813    -0.00044
     6.91000     0.07932    -0.00046
     6.92000     0.08043    -0.00048
     6.93000     0.08147    -0.00051
     6.94000     0.08244    -0.00053
     6.95000     0.08335    -0.00055
     6.96000     0.08418    -0.00058
     6.97000     0.08495    -0.00060
     6.98000     0.08566    -0.00062
     6.99000     0.08631    -0.00064
     7.00000     0.08689    -0.00066
     7.01000     0.08741    -0.00068
     7.02000     0.08788    -0.00070
     7.03000     0.08829    -0.00072
     7.04000     0.08864    -0.00073
     7.05000     0.08893    -0.00075
     7.06000     0.08918    -0.00076
     7.07000     0.08937    -0.00078
     7.08000     0.08951    -0.00079
     7.09000     0.08959    -0.00080
     7.10000     0.08963    -0.00081
     7.11000     0.08962    -0.00082
     7.12000     0.08956    -0.00083
     7.13000     0.08945    -0.00083
     7.14000     0.08930    -0.00084
     7.15000     0.08910    -0.00084
     7.16000     0.08885    -0.00084
     7.17000     0.08856    -0.00084
     7.18000     0.08822    -0.00084
     7.19000     0.08784    -0.00084
     7.20000     0.08741    -0.00083
     7.21000     0.08693    -0.00083
     7.22000     0.08641    -0.00082
     7.23000     0.08585    -0.00081
     7.24000     0.08524    -0.00080
     7.25000     0.08459    -0.00079
     7.26000     0.08389    -0.00078
     7.27000     0.08315    -0.00077
     7.28000     0.08237    -0.00075
     7.29000     0.08154    -0.00074
     7.30000     0.08067    -0.00072
     7.31000     0.07975    -0.00070
     7.32000     0.07879    -0.00068
     7.33000     0.07779    -0.00066
     7.34000     0.07675    -0.00064
     7.35000     0.07566    -0.00062
     7.36000     0.07453    -0.00060
     7.37000     0.07336    -0.00058
     7.38000     0.07215    -0.00056
     7.39000     0.07089    -0.00053
     7.40000     0.06960    -0.00051
     7.41000     0.06827    -0.00049
     7.42000     0.06690    -0.00046
     7.43000     0.06549    -0.00044
     7.44000     0.06404    -0.00041
     7.45000     0.06256    -0.00039
     7.46000     0.06105    -0.00037
     7.47000     0.05949    -0.00034
     7.48000     0.05791    -0.00032
     7.49000     0.05629    -0.00029
     7.50000     0.05465    -0.00027
     7.51000     0.05297    -0.00025
     7.52000     0.05126    -0.00023
     7.53000     0.04953    -0.00021
     7.54000     0.04777    -0.00019
     7.55000     0.04598    -0.00017
     7.56000     0.04417    -0.00015
     7.57000     0.04233    -0.00013
     7.58000     0.04048    -0.00012
     7.59000     0.03859    -0.00010
     7.60000     0.03669    -0.00009
     7.61000     0.03477    -0.00007
     7.62000     0.03283    -0.00006
     7.63000     0.03087    -0.00005
     7.64000     0.02889    -0.00004
     7.65000     0.02689    -0.00003
     7.66000     0.02487    -0.00002
     7.67000     0.02284    -0.00002
     7.68000     0.02079    -0.00001
     7.69000     0.01872    -0.00001
     7.70000     0.01663    -0.00001
     7.71000     0.01453    -0.00001
     7.72000     0.01241    -0.00001
     7.73000     0.01028    -0.00001
     7.74000     0.00812    -0.00002
     7.75000     0.00595    -0.00002
     7.76000     0.00376    -0.00003
     7.77000     0.00156    -0.00004
     7.78000    -0.00067    -0.00005
     7.79000    -0.00291    -0.00006
     7.80000    -0.00518    -0.00007
     7.81000    -0.00746    -0.00009
     7.82000    -0.00976    -0.00010
     7.83000    -0.01208    -0.00012
     7.84000    -0.01442    -0.00013
     7.85000    -0.01678    -0.00015
     7.86000    -0.01917    -0.00017
     7.87000    -0.02157    -0.00019
     7.88000    -0.02399    -0.00021
     7.89000    -0.02643    -0.00023
     7.90000    -0.02890    -0.00025
     7.91000    -0.03138    -0.00028
     7.92000    -0.03388    -0.00030
     7.93000    -0.03640    -0.00033
     7.94000    -0.03893    -0.00035
     7.95000    -0.04148    -0.00037
     7.96000    -0.04405    -0.00040
     7.97000    -0.04663    -0.00043
     7.98000    -0.04922    -0.00045
     7.99000    -0.05182    -0.00048
     8.00000    -0.05442    -0.00050
     8.01000    -0.05704    -0.00053
     8.02000    -0.05965    -0.00055
     8.03000    -0.06227    -0.00058
     8.04000    -0.06488    -0.00060
     8.05000    -0.06749    -0.00062
     8.06000    -0.07008    -0.00065
     8.07000    -0.07267    -0.00067
     8.08000    -0.07523    -0.00069
     8.09000    -0.07778    -0.00071
     8.10000    -0.08030    -0.00073
     8.11000    -0.08279    -0.00075
     8.12000    -0.08524    -0.00077
     8.13000    -0.08766    -0.00078
     8.14000    -0.09002    -0.00080
     8.15000    -0.09234    -0.00081
     8.16000    -0.09460    -0.00083
     8.17000    -0.09680    -0.00084
     8.18000    -0.09894    -0.00085
     8.19000    -0.10100    -0.00086
     8.20000    -0.10297    -0.00087
     8.21000    -0.10487    -0.00087
     8.22000    -0.10667    -0.00088
     8.23000    -0.10837    -0.00088
     8.24000    -0.10997    -0.00088
     8.25000    -0.11146    -0.00088
     8.26000    -0.11283    -0.00088
     8.27000    -0.11408    -0.00088
     8.28000    -0.11520    -0.00088
     8.29000    -0.11618    -0.00087
     8.30000    -0.11703    -0.00087
     8.31000    -0.11773    -0.00086
     8.32000    -0.11827    -0.00085
     8.33000    -0.11867    -0.00084
     8.34000    -0.11890    -0.00083
     8.35000    -0.11897    -0.00081
     8.36000    -0.11887    -0.00080
     8.37000    -0.11859    -0.00078
     8.38000    -0.11815    -0.00076
     8.39000    -0.11752    -0.00075
     8.40000    -0.11671    -0.00073
     8.41000    -0.11573    -0.00071
     8.42000    -0.11456    -0.00068
     8.43000    -0.11320    -0.00066
     8.44000    -0.11166    -0.00064
     8.45000    -0.10994    -0.00062
     8.46000    -0.10804    -0.00059
     8.47000    -0.10596    -0.00057
     8.48000    -0.10370    -0.00054
     8.49000    -0.10126    -0.00051
     8.50000    -0.09865    -0.00049
     8.51000    -0.09588    -0.00046
     8.52000    -0.09294    -0.00044
     8.53000    -0.08984    -0.00041
     8.54000    -0.08659    -0.00038
     8.55000    -0.08319    -0.00036
     8.56000    -0.07965    -0.00033
     8.57000    -0.07598    -0.00030
     8.58000    -0.07218    -0.00028
     8.59000    -0.06827    -0.00026
     8.60000    -0.06424    -0.00023
     8.61000    -0.06012    -0.00021
     8.62000    -0.05590    -0.00019
     8.63000    -0.05160    -0.00016
     8.64000    -0.04723    -0.00014
     8.65000    -0.04279    -0.00013
     8.66000    -0.03830    -0.00011
     8.67000    -0.03376    -0.00009
     8.68000    -0.02918    -0.00008
     8.69000    -0.02459    -0.00006
     8.70000    -0.01997    -0.00005
     8.71000    -0.01535    -0.00004
     8.72000    -0.01073    -0.00003
     8.73000    -0.00612    -0.00002
     8.74000    -0.00154    -0.00001
     8.75000     0.00302    -0.00001
     8.76000     0.00753     0.00000
     8.77000     0.01200     0.00000
     8.78000     0.01642     0.00000
     8.79000     0.02077     0.00000
     8.80000     0.02505    -0.00001
     8.81000     0.02926    -0.00001
     8.82000     0.03338    -0.00002
     8.83000     0.03742    -0.00002
     8.84000     0.04135    -0.00003
     8.85000     0.04519    -0.00004
     8.86000     0.04892    -0.00006
     8.87000     0.05255    -0.00007
     8.88000     0.05606    -0.00008
     8.89000     0.05945    -0.00010
     8.90000     0.06272    -0.00012
     8.91000     0.06587    -0.00013
     8.92000     0.06889    -0.00015
     8.93000     0.07179    -0.00017
     8.94000     0.07455    -0.00019
     8.95000     0.07719    -0.00021
     8.96000     0.07970    -0.00024
     8.97000     0.08207    -0.00026
     8.98000     0.08432    -0.00028
     8.99000     0.08643    -0.00031
     9.00000     0.08842    -0.00033
     9.01000     0.09027    -0.00036
     9.02000     0.09200    -0.00038
     9.03000     0.09360    -0.00041
     9.04000     0.09508    -0.00043
     9.05000     0.09643    -0.00046
     9.06000     0.09766    -0.00048
     9.07000     0.09878    -0.00051
     9.08000     0.09978    -0.00053
     9.09000     0.10066    -0.00056
     9.10000     0.10144    -0.00058
     9.11000     0.10211    -0.00060
     9.12000     0.10267    -0.00063
     9.13000     0.10313    -0.00065
     9.14000     0.10350    -0.00067
     9.15000     0.10377    -0.00069
     9.16000     0.10394    -0.00071
     9.17000     0.10403    -0.00073
     9.18000     0.10404    -0.00075
     9.19000     0.10396    -0.00077
     9.20000     0.10380    -0.00079
     9.21000     0.10357    -0.00080
     9.22000     0.10326    -0.00082
     9.23000     0.10288    -0.00083
     9.24000     0.10244    -0.00084
     9.25000     0.10194    -0.00085
     9.26000     0.10137    -0.00086
     9.27000     0.10075    -0.00087
     9.28000     0.10007    -0.00088
     9.29000     0.09934    -0.00088
     9.30000     0.09856    -0.00089
     9.31000     0.09773    -0.00089
     9.32000     0.09686    -0.00090
     9.33000     0.09594    -0.00090
     9.34000     0.09499    -0.00090
     9.35000     0.09400    -0.00089
     9.36000     0.09297    -0.00089
     9.37000     0.09191    -0.00089
     9.38000     0.09081    -0.00088
     9.39000     0.08968    -0.00087
     9.40000     0.08853    -0.00086
     9.41000     0.08735    -0.00085
     9.42000     0.08614    -0.00084
     9.43000     0.08491    -0.00083
     9.44000     0.08365    -0.00082
     9.45000     0.08237    -0.00080
     9.46000     0.08107    -0.00078
     9.47000     0.07975    -0.00077
     9.48000     0.07841    -0.00075
     9.49000     0.07706    -0.00073
     9.50000     0.07568    -0.00071
     9.51000     0.07429    -0.00069
     9.52000     0.07288    -0.00066
     9.53000     0.07146    -0.00064
     9.54000     0.07003    -0.00062
     9.55000     0.06857    -0.00059
     9.56000     0.06711    -0.00057
     9.57000     0.06563    -0.00054
     9.58000     0.06414    -0.00052
     9.59000     0.06263    -0.00049
     9.60000     0.06112    -0.00046
     9.61000     0.05959    -0.00044
     9.62000     0.05804    -0.00041
     9.63000     0.05649    -0.00038
     9.64000     0.05492    -0.00036
     9.65000     0.05334    -0.00033
     9.66000     0.05174    -0.00031
     9.67000     0.05013    -0.00028
     9.68000     0.04850    -0.00026
     9.69000     0.04686    -0.00023
     9.70000     0.04521    -0.00021
     9.71000     0.04354    -0.00019
     9.72000     0.04185    -0.00016
     9.73000     0.04014    -0.00014
     9.74000     0.03842    -0.00013
     9.75000     0.03667    -0.00011
     9.76000     0.03490    -0.00009
     9.77000     0.03312    -0.00007
     9.78000     0.03131    -0.00006
     9.79000     0.02947    -0.00005
     9.80000     0.02761    -0.00004
     9.81000     0.02573    -0.00003
     9.82000     0.02382    -0.00002
     9.83000     0.02187    -0.00001
     9.84000     0.01990    -0.00001
     9.85000     0.01790     0.00000
     9.86000     0.01586     0.00000
     9.87000     0.01380     0.00000
     9.88000     0.01169     0.00000
     9.89000     0.00955    -0.00001
     9.90000     0.00738    -0.00001
     9.91000     0.00516    -0.00002
     9.92000     0.00291    -0.00003
     9.93000     0.00062    -0.00004
     9.94000    -0.00171    -0.00005
     9.95000    -0.00408    -0.00006
     9.96000    -0.00650    -0.00007
     9.97000    -0.00895    -0.00009
     9.98000    -0.01145    -0.00011
     9.99000    -0.01398    -0.00012
    10.00000    -0.01656    -0.00014
    10.01000    -0.01918    -0.00016
    10.02000    -0.02184    -0.00018
    10.03000    -0.02453    -0.00021
    10.04000    -0.02727    -0.00023
    10.05000    -0.03004    -0.00025
    10.06000    -0.03284    -0.00028
    10.07000    -0.03568    -0.00030
    10.08000    -0.03855    -0.00033
    10.09000    -0.04145    -0.00035
    10.10000    -0.04438    -0.00038
    10.11000    -0.04733    -0.00041
    10.12000    -0.05030    -0.00043
    10.13000    -0.05328    -0.00046
    10.14000    -0.05628    -0.00049
    10.15000    -0.05929    -0.00051
    10.16000    -0.06230    -0.00054
    10.17000    -0.06532    -0.00057
    10.18000    -0.06833    -0.00059
    10.19000    -0.07133    -0.00062
    10.20000    -0.07432    -0.00064
    10.21000    -0.07729    -0.00067
    10.22000    -0.08023    -0.00069
    10.23000    -0.08314    -0.00072
    10.24000    -0.08601    -0.00074
    10.25000    -0.08884    -0.00076
    10.26000    -0.09162    -0.00078
    10.27000    -0.09434    -0.00080
    10.28000    -0.09699    -0.00082
    10.29000    -0.09958    -0.00084
    10.30000    -0.10208    -0.00086
    10.31000    -0.10451    -0.00087
    10.32000    -0.10683    -0.00089
    10.33000    -0.10906    -0.00090
    10.34000    -0.11119    -0.00091
    10.35000    -0.11319    -0.00092
    10.36000    -0.11508    -0.00093
    10.37000    -0.11684    -0.00094
    10.38000    -0.11846    -0.00095
    10.39000    -0.11994    -0.00095
    10.40000    -0.12128    -0.00095
    10.41000    -0.12246    -0.00095
    10.42000    -0.12348    -0.00095
    10.43000    -0.12433    -0.00095
    10.44000    -0.12501    -0.00095
    10.45000    -0.12552    -0.00094
    10.46000    -0.12584    -0.00094
    10.47000    -0.12598    -0.00093
    10.48000    -0.12594    -0.00092
    10.49000    -0.12570    -0.00091
    10.50000    -0.12527    -0.00089
    10.51000    -0.12464    -0.00088
    10.52000    -0.12381    -0.00086
    10.53000    -0.12279    -0.00085
    10.54000    -0.12157    -0.00083
    10.55000    -0.12015    -0.00081
    10.56000    -0.11853    -0.00079
    10.57000    -0.11672    -0.00076
    10.58000    -0.11471    -0.00074
    10.59000    -0.11252    -0.00071
    10.60000    -0.11014    -0.00069
    10.61000    -0.10757    -0.00066
    10.62000    -0.10483    -0.00064
    10.63000    -0.10191    -0.00061
    10.64000    -0.09883    -0.00058
    10.65000    -0.09558    -0.00055
    10.66000    -0.09218    -0.00052
    10.67000    -0.08864    -0.00049
    10.68000    -0.08496    -0.00046
    10.69000    -0.08114    -0.00044
    10.70000    -0.07721    -0.00041
    10.71000    -0.07316    -0.00038
    10.72000    -0.06901    -0.00035
    10.73000    -0.06476    -0.00032
    10.74000    -0.06043    -0.00030
    10.75000    -0.05603    -0.00027
    10.76000    -0.05156    -0.00024
    10.77000    -0.04704    -0.00022
    10.78000    -0.04247    -0.00020
    10.79000    -0.03787    -0.00017
    10.80000    -0.03325    -0.00015
    10.81000    -0.02861    -0.00013
    10.82000    -0.02398    -0.00011
    10.83000    -0.01935    -0.00010
    10.84000    -0.01473    -0.00008
    10.85000    -0.01015    -0.00006
    10.86000    -0.00559    -0.00005
    10.87000    -0.00109    -0.00004
    10.88000     0.00337    -0.00003
    10.89000     0.00776    -0.00002
    10.90000     0.01208    -0.00001
    10.91000     0.01633    -0.00001
    10.92000     0.02049    -0.00001
    10.93000     0.02456     0.00000
    10.94000     0.02854     0.00000
    10.95000     0.03241     0.00000
    10.96000     0.03618    -0.00001
    10.97000     0.03983    -0.00001
    10.98000     0.04337    -0.00002
    10.99000     0.04679    -0.00003
    11.00000     0.05008    -0.00003
    11.01000     0.05325    -0.00004
    11.02000     0.05630    -0.00006
    11.03000     0.05921    -0.00007
    11.04000     0.06199    -0.00008
    11.05000     0.06464    -0.00010
    11.06000     0.06716    -0.00012
    11.07000     0.06955    -0.00013
    11.08000     0.07181    -0.00015
    11.09000     0.07394    -0.00017
    11.10000     0.07594    -0.00019
    11.11000     0.07781    -0.00022
    11.12000     0.07956    -0.00024
    11.13000     0.08119    -0.00026
    11.14000     0.08270    -0.00029
    11.15000     0.08409    -0.00031
    11.16000     0.08537    -0.00034
    11.17000     0.08654    -0.00036
    11.18000     0.08760    -0.00039
    11.19000     0.08856    -0.00041
    11.20000     0.08943    -0.00044
    11.21000     0.09020    -0.00046
    11.22000     0.09088    -0.00049
    11.23000     0.09147    -0.00052
    11.24000     0.09198    -0.00054
    11.25000     0.09242    -0.00057
    11.26000     0.09278    -0.00059
    11.27000     0.09307    -0.00062
    11.28000     0.09330    -0.00064
    11.29000     0.09347    -0.00067
    11.30000     0.09358    -0.00069
    11.31000     0.09364    -0.00071
    11.32000     0.09365    -0.00074
    11.33000     0.09361    -0.00076
    11.34000     0.09353    -0.00078
    11.35000     0.09341    -0.00080
    11.36000     0.09326    -0.00081
    11.37000     0.09307    -0.00083
    11.38000     0.09285    -0.00085
    11.39000     0.09261    -0.00086
    11.40000     0.09233    -0.00088
    11.41000     0.09204    -0.00089
    11.42000     0.09172    -0.00090
    11.43000     0.09138    -0.00091
    11.44000     0.09102    -0.00092
    11.45000     0.09065    -0.00093
    11.46000     0.09025    -0.00093
    11.47000     0.08985    -0.00094
    11.48000     0.08942    -0.00094
    11.49000     0.08898    -0.00094
    11.50000     0.08852    -0.00094
    11.51000     0.08805    -0.00094
    11.52000     0.08756    -0.00094
    11.53000     0.08705    -0.00093
    11.54000     0.08653    -0.00093
    11.55000     0.08599    -0.00092
    11.56000     0.08543    -0.00091
    11.57000     0.08485    -0.00090
    11.58000     0.08426    -0.00088
    11.59000     0.08363    -0.00087
    11.60000     0.08299    -0.00086
    11.61000     0.08232    -0.00084
    11.62000     0.08163    -0.00082
    11.63000     0.08090    -0.00080
    11.64000     0.08015    -0.00078
    11.65000     0.07937    -0.00076
    11.66000     0.07855    -0.00074
    11.67000     0.07771    -0.00071
    11.68000     0.07682    -0.00069
    11.69000     0.07591    -0.00067
    11.70000     0.07495    -0.00064
    11.71000     0.07395    -0.00061
    11.72000     0.07292    -0.00059
    11.73000     0.07184    -0.00056
    11.74000     0.07072    -0.00053
    11.75000     0.06955    -0.00050
    11.76000     0.06834    -0.00048
    11.77000     0.06708    -0.00045
    11.78000     0.06578    -0.00042
    11.79000     0.06443    -0.00039
    11.80000     0.06303    -0.00036
    11.81000     0.06158    -0.00034
    11.82000     0.06008    -0.00031
    11.83000     0.05853    -0.00028
    11.84000     0.05694    -0.00026
    11.85000     0.05529    -0.00023
    11.86000     0.05359    -0.00021
    11.87000     0.05183    -0.00019
    11.88000     0.05003    -0.00017
    11.89000     0.04818    -0.00015
    11.90000     0.04627    -0.00013
    11.91000     0.04431    -0.00011
    11.92000     0.04231    -0.00009
    11.93000     0.04025    -0.00007
    11.94000     0.03814    -0.00006
    11.95000     0.03598    -0.00005
    11.96000     0.03378    -0.00004
    11.97000     0.03152    -0.00003
    11.98000     0.02921    -0.00002
    11.99000     0.02686    -0.00001
    12.00000     0.02446    -0.00001
    12.01000     0.02201    -0.00001
    12.02000     0.01952    -0.00001
    12.03000     0.01698    -0.00001
    12.04000     0.01439    -0.00001
    12.05000     0.01177    -0.00001
    12.06000     0.00910    -0.00002
    12.07000     0.00638    -0.00002
    12.08000     0.00363    -0.00003
    12.09000     0.00084    -0.00004
    12.10000    -0.00199    -0.00006
    12.11000    -0.00486    -0.00007
    12.12000    -0.00777    -0.00008
    12.13000    -0.01071    -0.00010
    12.14000    -0.01368    -0.00012
    12.15000    -0.01668    -0.00014
    12.16000    -0.01971    -0.00016
    12.17000    -0.02277    -0.00018
    12.18000    -0.02586    -0.00020
    12.19000    -0.02896    -0.00023
    12.20000    -0.03209    -0.00025
    12.21000    -0.03524    -0.00028
    12.22000    -0.03840    -0.00030
    12.23000    -0.04158    -0.00033
    12.24000    -0.04476    -0.00036
    12.25000    -0.04795    -0.00039
    12.26000    -0.05115    -0.00041
    12.27000    -0.05435    -0.00044
    12.28000    -0.05754    -0.00047
    12.29000    -0.06072    -0.00050
    12.30000    -0.06390    -0.00053
    12.31000    -0.06706    -0.00056
    12.32000    -0.07020    -0.00059
    12.33000    -0.07332    -0.00062
    12.34000    -0.07640    -0.00065
    12.35000    -0.07946    -0.00068
    12.36000    -0.08248    -0.00071
    12.37000    -0.08545    -0.00073
    12.38000    -0.08838    -0.00076
    12.39000    -0.09125    -0.00079
    12.40000    -0.09406    -0.00081
    12.41000    -0.09681    -0.00083
    12.42000    -0.09949    -0.00086
    12.43000    -0.10210    -0.00088
    12.44000    -0.10462    -0.00090
    12.45000    -0.10705    -0.00092
    12.46000    -0.10940    -0.00094
    12.47000    -0.11164    -0.00096
    12.48000    -0.11377    -0.00097
    12.49000    -0.11580    -0.00099
    12.50000    -0.11771    -0.00100
    12.51000    -0.11949    -0.00101
    12.52000    -0.12115    -0.00102
    12.53000    -0.12267    -0.00103
    12.54000    -0.12405    -0.00103
    12.55000    -0.12529    -0.00104
    12.56000    -0.12637    -0.00104
    12.57000    -0.12730    -0.00104
    12.58000    -0.12807    -0.00104
    12.59000    -0.12867    -0.00104
    12.60000    -0.12911    -0.00104
    12.61000    -0.12937    -0.00103
    12.62000    -0.12945    -0.00102
    12.63000    -0.12935    -0.00101
    12.64000    -0.12906    -0.00100
    12.65000    -0.12860    -0.00099
    12.66000    -0.12794    -0.00097
    12.67000    -0.12709    -0.00096
    12.68000    -0.12605    -0.00094
    12.69000    -0.12482    -0.00092
    12.70000    -0.12340    -0.00090
    12.71000    -0.12178    -0.00088
    12.72000    -0.11997    -0.00085
    12.73000    -0.11798    -0.00083
    12.74000    -0.11580    -0.00080
    12.75000    -0.11343    -0.00078
    12.76000    -0.11088    -0.00075
    12.77000    -0.10815    -0.00072
    12.78000    -0.10525    -0.00069
    12.79000    -0.10218    -0.00066
    12.80000    -0.09894    -0.00063
    12.81000    -0.09555    -0.00060
    12.82000    -0.09200    -0.00057
    12.83000    -0.08831    -0.00054
    12.84000    -0.08449    -0.00051
    12.85000    -0.08053    -0.00047
    12.86000    -0.07646    -0.00044
    12.87000    -0.07227    -0.00041
    12.88000    -0.06798    -0.00038
    12.89000    -0.06359    -0.00035
    12.90000    -0.05912    -0.00032
    12.91000    -0.05457    -0.00030
    12.92000    -0.04996    -0.00027
    12.93000    -0.04530    -0.00024
    12.94000    -0.04059    -0.00022
    12.95000    -0.03584    -0.00019
    12.96000    -0.03107    -0.00017
    12.97000    -0.02629    -0.00015
    12.98000    -0.02150    -0.00013
    12.99000    -0.01672    -0.00011
    13.00000    -0.01196    -0.00009
    13.01000    -0.00722    -0.00007
    13.02000    -0.00252    -0.00006
    13.03000     0.00214    -0.00005
    13.04000     0.00674    -0.00004
    13.05000     0.01129    -0.00003
    13.06000     0.01576    -0.00002
    13.07000     0.02016    -0.00001
    13.08000     0.02447    -0.00001
    13.09000     0.02869    -0.00001
    13.10000     0.03281    -0.00001
    13.11000     0.03683    -0.00001
    13.12000     0.04074    -0.00001
    13.13000     0.04453    -0.00002
    13.14000     0.04821    -0.00002
    13.15000     0.05176    -0.00003
    13.16000     0.05519    -0.00004
    13.17000     0.05849    -0.00005
    13.18000     0.06166    -0.00007
    13.19000     0.06470    -0.00008
    13.20000     0.06760    -0.00010
    13.21000     0.07037    -0.00011
    13.22000     0.07300    -0.00013
    13.23000     0.07549    -0.00015
    13.24000     0.07785    -0.00017
    13.25000     0.08008    -0.00020
    13.26000     0.08217    -0.00022
    13.27000     0.08413    -0.00025
    13.28000     0.08596    -0.00027
    13.29000     0.08766    -0.00030
    13.30000     0.08923    -0.00032
    13.31000     0.09068    -0.00035
    13.32000     0.09201    -0.00038
    13.33000     0.09322    -0.00041
    13.34000     0.09432    -0.00044
    13.35000     0.09531    -0.00046
    13.36000     0.09618    -0.00049
    13.37000     0.09696    -0.00052
    13.38000     0.09763    -0.00055
    13.39000     0.09820    -0.00058
    13.40000     0.09868    -0.00061
    13.41000     0.09907    -0.00064
    13.42000     0.09938    -0.00067
    13.43000     0.09960    -0.00070
    13.44000     0.09974    -0.00072
    13.45000     0.09980    -0.00075
    13.46000     0.09980    -0.00078
    13.47000     0.09972    -0.00080
    13.48000     0.09959    -0.00083
    13.49000     0.09938    -0.00085
    13.50000     0.09912    -0.00087
    13.51000     0.09881    -0.00089
    13.52000     0.09844    -0.00091
    13.53000     0.09802    -0.00093
    13.54000     0.09755    -0.00095
    13.55000     0.09704    -0.00097
    13.56000     0.09648    -0.00098
    13.57000     0.09588    -0.00099
    13.58000     0.09525    -0.00101
    13.59000     0.09457    -0.00102
    13.60000     0.09386    -0.00103
    13.61000     0.09312    -0.00103
    13.62000     0.09235    -0.00104
    13.63000     0.09154    -0.00104
    13.64000     0.09071    -0.00105
    13.65000     0.08985    -0.00105
    13.66000     0.08896    -0.00105
    13.67000     0.08804    -0.00104
    13.68000     0.08710    -0.00104
    13.69000     0.08613    -0.00104
    13.70000     0.08515    -0.00103
    13.71000     0.08413    -0.00102
    13.72000     0.08310    -0.00101
    13.73000     0.08205    -0.00100
    13.74000     0.08097    -0.00098
    13.75000     0.07987    -0.00097
    13.76000     0.07876    -0.00095
    13.77000     0.07763    -0.00093
    13.78000     0.07648    -0.00091
    13.79000     0.07531    -0.00089
    13.80000     0.07412    -0.00087
    13.81000     0.07292    -0.00085
    13.82000     0.07171    -0.00082
    13.83000     0.07048    -0.00080
    13.84000     0.06924    -0.00077
    13.85000     0.06798    -0.00075
    13.86000     0.06672    -0.00072
    13.87000     0.06544    -0.00069
    13.88000     0.06415    -0.00066
    13.89000     0.06286    -0.00063
    13.90000     0.06156    -0.00060
    13.91000     0.06024    -0.00057
    13.92000     0.05893    -0.00054
    13.93000     0.05760    -0.00051
    13.94000     0.05627    -0.00047
    13.95000     0.05494    -0.00044
    13.96000     0.05360    -0.00041
    13.97000     0.05226    -0.00038
    13.98000     0.05092    -0.00035
    13.99000     0.04957    -0.00032
    14.00000     0.04821    -0.00029
    14.01000     0.04686    -0.00026
    14.02000     0.04550    -0.00024
    14.03000     0.04413    -0.00021
    14.04000     0.04276    -0.00019
    14.05000     0.04138    -0.00016
    14.06000     0.04000    -0.00014
    14.07000     0.03860    -0.00012
    14.08000     0.03720    -0.00010
    14.09000     0.03578    -0.00008
    14.10000     0.03435    -0.00007
    14.11000     0.03291    -0.00005
    14.12000     0.03144    -0.00004
    14.13000     0.02996    -0.00003
    14.14000     0.02846    -0.00002
    14.15000     0.02693    -0.00001
    14.16000     0.02537    -0.00001
    14.17000     0.02378    -0.00001
    14.18000     0.02216    -0.00001
    14.19000     0.02050    -0.00001
    14.20000     0.01881    -0.00001
    14.21000     0.01707    -0.00002
    14.22000     0.01528    -0.00002
    14.23000     0.01345    -0.00003
    14.24000     0.01157    -0.00005
    14.25000     0.00964    -0.00006
    14.26000     0.00764    -0.00007
    14.27000     0.00559    -0.00009
    14.28000     0.00348    -0.00011
    14.29000     0.00131    -0.00013
    14.30000    -0.00093    -0.00015
    14.31000    -0.00324    -0.00017
    14.32000    -0.00562    -0.00020
    14.33000    -0.00807    -0.00022
    14.34000    -0.01060    -0.00025
    14.35000    -0.01319    -0.00028
    14.36000    -0.01586    -0.00031
    14.37000    -0.01861    -0.00033
    14.38000    -0.02143    -0.00036
    14.39000    -0.02432    -0.00040
    14.40000    -0.02729    -0.00043
    14.41000    -0.03033    -0.00046
    14.42000    -0.03344    -0.00049
    14.43000    -0.03662    -0.00052
    14.44000    -0.03987    -0.00055
    14.45000    -0.04318    -0.00059
    14.46000    -0.04655    -0.00062
    14.47000    -0.04998    -0.00065
    14.48000    -0.05347    -0.00068
    14.49000    -0.05700    -0.00071
    14.50000    -0.06058    -0.00074
    14.51000    -0.06419    -0.00077
    14.52000    -0.06784    -0.00080
    14.53000    -0.07151    -0.00083
    14.54000    -0.07521    -0.00086
    14.55000    -0.07891    -0.00089
    14.56000    -0.08262    -0.00092
    14.57000    -0.08633    -0.00094
    14.58000    -0.09002    -0.00097
    14.59000    -0.09369    -0.00099
    14.60000    -0.09733    -0.00101
    14.61000    -0.10093    -0.00103
    14.62000    -0.10448    -0.00106
    14.63000    -0.10797    -0.00107
    14.64000    -0.11139    -0.00109
    14.65000    -0.11473    -0.00111
    14.66000    -0.11797    -0.00112
    14.67000    -0.12111    -0.00113
    14.68000    -0.12413    -0.00115
    14.69000    -0.12703    -0.00116
    14.70000    -0.12979    -0.00116
    14.71000    -0.13240    -0.00117
    14.72000    -0.13485    -0.00118
    14.73000    -0.13713    -0.00118
    14.74000    -0.13923    -0.00118
    14.75000    -0.14114    -0.00118
    14.76000    -0.14284    -0.00117
    14.77000    -0.14433    -0.00117
    14.78000    -0.14560    -0.00116
    14.79000    -0.14664    -0.00115
    14.80000    -0.14744    -0.00114
    14.81000    -0.14799    -0.00113
    14.82000    -0.14830    -0.00112
    14.83000    -0.14834    -0.00110
    14.84000    -0.14811    -0.00108
    14.85000    -0.14762    -0.00106
    14.86000    -0.14686    -0.00104
    14.87000    -0.14582    -0.00102
    14.88000    -0.14450    -0.00099
    14.89000    -0.14291    -0.00096
    14.90000    -0.14104    -0.00094
    14.91000    -0.13889    -0.00091
    14.92000    -0.13647    -0.00087
    14.93000    -0.13379    -0.00084
    14.94000    -0.13083    -0.00081
    14.95000    -0.12762    -0.00077
    14.96000    -0.12415    -0.00074
    14.97000    -0.12044    -0.00070
    14.98000    -0.11649    -0.00067
    14.99000    -0.11232    -0.00063
    15.00000    -0.10793    -0.00059
    15.01000    -0.10333    -0.00056
    15.02000    -0.09854    -0.00052
    15.03000    -0.09357    -0.00048
    15.04000    -0.08843    -0.00045
    15.05000    -0.08314    -0.00041
    15.06000    -0.07770    -0.00038
    15.07000    -0.07215    -0.00034
    15.08000    -0.06648    -0.00031
    15.09000    -0.06073    -0.00028
    15.10000    -0.05489    -0.00025
    15.11000    -0.04899    -0.00022
    15.12000    -0.04305    -0.00019
    15.13000    -0.03707    -0.00016
    15.14000    -0.03108    -0.00014
    15.15000    -0.02509    -0.00011
    15.16000    -0.01911    -0.00009
    15.17000    -0.01317    -0.00008
    15.18000    -0.00727    -0.00006
    15.19000    -0.00143    -0.00004
    15.20000     0.00434    -0.00003
    15.21000     0.01003    -0.00002
    15.22000     0.01561    -0.00001
    15.23000     0.02109    -0.00001
    15.24000     0.02645     0.00000
    15.25000     0.03167     0.00000
    15.26000     0.03676     0.00000
    15.27000     0.04170     0.00000
    15.28000     0.04648    -0.00001
    15.29000     0.05110    -0.00002
    15.30000     0.05555    -0.00003
    15.31000     0.05983    -0.00004
    15.32000     0.06392    -0.00005
    15.33000     0.06783    -0.00006
    15.34000     0.07155    -0.00008
    15.35000     0.07509    -0.00010
    15.36000     0.07843    -0.00012
    15.37000     0.08158    -0.00014
    15.38000     0.08454    -0.00016
    15.39000     0.08731    -0.00018
    15.40000     0.08989    -0.00021
    15.41000     0.09228    -0.00024
    15.42000     0.09449    -0.00026
    15.43000     0.09652    -0.00029
    15.44000     0.09836    -0.00032
    15.45000     0.10004    -0.00035
    15.46000     0.10154    -0.00038
    15.47000     0.10288    -0.00041
    15.48000     0.10406    -0.00044
    15.49000     0.10509    -0.00048
    15.50000     0.10597    -0.00051
    15.51000     0.10671    -0.00054
    15.52000     0.10731    -0.00057
    15.53000     0.10779    -0.00061
    15.54000     0.10814    -0.00064
    15.55000     0.10839    -0.00067
    15.56000     0.10852    -0.00070
    15.57000     0.10855    -0.00073
    15.58000     0.10849    -0.00077
    15.59000     0.10835    -0.00080
    15.60000     0.10812    -0.00083
    15.61000     0.10782    -0.00086
    15.62000     0.10746    -0.00089
    15.63000     0.10703    -0.00091
    15.64000     0.10655    -0.00094
    15.65000     0.10603    -0.00097
    15.66000     0.10546    -0.00099
    15.67000     0.10485    -0.00102
    15.68000     0.10421    -0.00104
    15.69000     0.10355    -0.00106
    15.70000     0.10286    -0.00108
    15.71000     0.10216    -0.00110
    15.72000     0.10144    -0.00112
    15.73000     0.10071    -0.00113
    15.74000     0.09997    -0.00115
    15.75000     0.09924    -0.00116
    15.76000     0.09850    -0.00117
    15.77000     0.09776    -0.00118
    15.78000     0.09702    -0.00119
    15.79000     0.09629    -0.00120
    15.80000     0.09557    -0.00120
    15.81000     0.09485    -0.00121
    15.82000     0.09415    -0.00121
    15.83000     0.09345    -0.00121
    15.84000     0.09276    -0.00121
    15.85000     0.09208    -0.00120
    15.86000     0.09140    -0.00119
    15.87000     0.09074    -0.00119
    15.88000     0.09008    -0.00118
    15.89000     0.08943    -0.00116
    15.90000     0.08879    -0.00115
    15.91000     0.08814    -0.00113
    15.92000     0.08750    -0.00112
    15.93000     0.08686    -0.00110
    15.94000     0.08622    -0.00108
    15.95000     0.08558    -0.00106
    15.96000     0.08493    -0.00103
    15.97000     0.08427    -0.00101
    15.98000     0.08360    -0.00098
    15.99000     0.08292    -0.00095
    16.00000     0.08223    -0.00092
    16.01000     0.08152    -0.00089
    16.02000     0.08080    -0.00086
    16.03000     0.08005    -0.00082
    16.04000     0.07928    -0.00079
    16.05000     0.07848    -0.00076
    16.06000     0.07765    -0.00072
    16.07000     0.07680    -0.00068
    16.08000     0.07591    -0.00065
    16.09000     0.07499    -0.00061
    16.10000     0.07403    -0.00058
    16.11000     0.07304    -0.00054
    16.12000     0.07200    -0.00050
    16.13000     0.07092    -0.00047
    16.14000     0.06980    -0.00043
    16.15000     0.06863    -0.00040
    16.16000     0.06741    -0.00036
    16.17000     0.06614    -0.00033
    16.18000     0.06482    -0.00030
    16.19000     0.06344    -0.00027
    16.20000     0.06201    -0.00024
    16.21000     0.06052    -0.00021
    16.22000     0.05897    -0.00018
    16.23000     0.05736    -0.00016
    16.24000     0.05568    -0.00013
    16.25000     0.05394    -0.00011
    16.26000     0.05214    -0.00009
    16.27000     0.05026    -0.00007
    16.28000     0.04832    -0.00006
    16.29000     0.04631    -0.00005
    16.30000     0.04422    -0.00003
    16.31000     0.04206    -0.00002
    16.32000     0.03982    -0.00002
    16.33000     0.03751    -0.00001
    16.34000     0.03511    -0.00001
    16.35000     0.03264    -0.00001
    16.36000     0.03009    -0.00001
    16.37000     0.02746    -0.00001
    16.38000     0.02474    -0.00002
    16.39000     0.02195    -0.00003
    16.40000     0.01907    -0.00004
    16.41000     0.01611    -0.00005
    16.42000     0.01306    -0.00007
    16.43000     0.00993    -0.00009
    16.44000     0.00672    -0.00010
    16.45000     0.00343    -0.00013
    16.46000     0.00006    -0.00015
    16.47000    -0.00339    -0.00017
    16.48000    -0.00693    -0.00020
    16.49000    -0.01054    -0.00023
    16.50000    -0.01422    -0.00026
    16.51000    -0.01798    -0.00029
    16.52000    -0.02180    -0.00032
    16.53000    -0.02570    -0.00035
    16.54000    -0.02966    -0.00039
    16.55000    -0.03368    -0.00042
    16.56000    -0.03775    -0.00046
    16.57000    -0.04188    -0.00049
    16.58000    -0.04606    -0.00053
    16.59000    -0.05028    -0.00057
    16.60000    -0.05454    -0.00061
    16.61000    -0.05884    -0.00064
    16.62000    -0.06316    -0.00068
    16.63000    -0.06750    -0.00072
    16.64000    -0.07185    -0.00076
    16.65000    -0.07621    -0.00080
    16.66000    -0.08057    -0.00083
    16.67000    -0.08492    -0.00087
    16.68000    -0.08925    -0.00091
    16.69000    -0.09356    -0.00094
    16.70000    -0.09783    -0.00098
    16.71000    -0.10207    -0.00101
    16.72000    -0.10625    -0.00105
    16.73000    -0.11037    -0.00108
    16.74000    -0.11441    -0.00111
    16.75000    -0.11838    -0.00114
    16.76000    -0.12225    -0.00117
    16.77000    -0.12603    -0.00120
    16.78000    -0.12969    -0.00122
    16.79000    -0.13323    -0.00125
    16.80000    -0.13663    -0.00127
    16.81000    -0.13990    -0.00129
    16.82000    -0.14300    -0.00131
    16.83000    -0.14595    -0.00133
    16.84000    -0.14871    -0.00134
    16.85000    -0.15130    -0.00135
    16.86000    -0.15368    -0.00136
    16.87000    -0.15586    -0.00137
    16.88000    -0.15783    -0.00138
    16.89000    -0.15957    -0.00138
    16.90000    -0.16107    -0.00138
    16.91000    -0.16234    -0.00138
    16.92000    -0.16335    -0.00138
    16.93000    -0.16411    -0.00137
    16.94000    -0.16460    -0.00136
    16.95000    -0.16483    -0.00135
    16.96000    -0.16478    -0.00134
    16.97000    -0.16445    -0.00132
    16.98000    -0.16383    -0.00131
    16.99000    -0.16293    -0.00129
    17.00000    -0.16175    -0.00126
    17.01000    -0.16027    -0.00124
    17.02000    -0.15850    -0.00121
    17.03000    -0.15645    -0.00118
    17.04000    -0.15410    -0.00115
    17.05000    -0.15148    -0.00112
    17.06000    -0.14857    -0.00109
    17.07000    -0.14539    -0.00105
    17.08000    -0.14193    -0.00101
    17.09000    -0.13822    -0.00098
    17.10000    -0.13425    -0.00094
    17.11000    -0.13004    -0.00090
    17.12000    -0.12559    -0.00085
    17.13000    -0.12092    -0.00081
    17.14000    -0.11603    -0.00077
    17.15000    -0.11094    -0.00073
    17.16000    -0.10566    -0.00068
    17.17000    -0.10021    -0.00064
    17.18000    -0.09460    -0.00060
    17.19000    -0.08884    -0.00056
    17.20000    -0.08295    -0.00051
    17.21000    -0.07695    -0.00047
    17.22000    -0.07085    -0.00043
    17.23000    -0.06466    -0.00039
    17.24000    -0.05841    -0.00036
    17.25000    -0.05211    -0.00032
    17.26000    -0.04578    -0.00028
    17.27000    -0.03943    -0.00025
    17.28000    -0.03308    -0.00022
    17.29000    -0.02674    -0.00019
    17.30000    -0.02043    -0.00016
    17.31000    -0.01416    -0.00014
    17.32000    -0.00796    -0.00011
    17.33000    -0.00182    -0.00009
    17.34000     0.00423    -0.00007
    17.35000     0.01018    -0.00006
    17.36000     0.01602    -0.00004
    17.37000     0.02173    -0.00003
    17.38000     0.02732    -0.00002
    17.39000     0.03277    -0.00002
    17.40000     0.03806    -0.00001
    17.41000     0.04320    -0.00001
    17.42000     0.04817    -0.00001
    17.43000     0.05297    -0.00002
    17.44000     0.05759    -0.00002
    17.45000     0.06203    -0.00003
    17.46000     0.06629    -0.00004
    17.47000     0.07036    -0.00005
    17.48000     0.07423    -0.00007
    17.49000     0.07792    -0.00008
    17.50000     0.08142    -0.00010
    17.51000     0.08472    -0.00012
    17.52000     0.08783    -0.00014
    17.53000     0.09075    -0.00017
    17.54000     0.09349    -0.00019
    17.55000     0.09604    -0.00022
    17.56000     0.09841    -0.00025
    17.57000     0.10061    -0.00028
    17.58000     0.10263    -0.00031
    17.59000     0.10448    -0.00034
    17.60000     0.10618    -0.00038
    17.61000     0.10771    -0.00041
    17.62000     0.10909    -0.00044
    17.63000     0.11032    -0.00048
    17.64000     0.11142    -0.00052
    17.65000     0.11238    -0.00055
    17.66000     0.11321    -0.00059
    17.67000     0.11393    -0.00063
    17.68000     0.11453    -0.00067
    17.69000     0.11502    -0.00071
    17.70000     0.11540    -0.00074
    17.71000     0.11570    -0.00078
    17.72000     0.11590    -0.00082
    17.73000     0.11602    -0.00086
    17.74000     0.11606    -0.00090
    17.75000     0.11604    -0.00093
    17.76000     0.11594    -0.00097
    17.77000     0.11579    -0.00100
    17.78000     0.11558    -0.00104
    17.79000     0.11531    -0.00107
    17.80000     0.11501    -0.00111
    17.81000     0.11466    -0.00114
    17.82000     0.11427    -0.00117
    17.83000     0.11385    -0.00120
    17.84000     0.11339    -0.00123
    17.85000     0.11291    -0.00125
    17.86000     0.11240    -0.00128
    17.87000     0.11187    -0.00130
    17.88000     0.11132    -0.00133
    17.89000     0.11074    -0.00135
    17.90000     0.11015    -0.00136
    17.91000     0.10955    -0.00138
    17.92000     0.10892    -0.00140
    17.93000     0.10829    -0.00141
    17.94000     0.10763    -0.00142
    17.95000     0.10697    -0.00143
    17.96000     0.10628    -0.00144
    17.97000     0.10559    -0.00144
    17.98000     0.10487    -0.00145
    17.99000     0.10414    -0.00145
    18.00000     0.10340    -0.00144
    18.01000     0.10264    -0.00144
    18.02000     0.10185    -0.00143
    18.03000     0.10105    -0.00143
    18.04000     0.10023    -0.00142
    18.05000     0.09938    -0.00140
    18.06000     0.09852    -0.00139
    18.07000     0.09763    -0.00137
    18.08000     0.09671    -0.00135
    18.09000     0.09577    -0.00133
    18.10000     0.09480    -0.00130
    18.11000     0.09380    -0.00128
    18.12000     0.09277    -0.00125
    18.13000     0.09172    -0.00122
    18.14000     0.09063    -0.00119
    18.15000     0.08952    -0.00115
    18.16000     0.08837    -0.00112
    18.17000     0.08720    -0.00108
    18.18000     0.08599    -0.00104
    18.19000     0.08475    -0.00100
    18.20000     0.08348    -0.00096
    18.21000     0.08218    -0.00092
    18.22000     0.08085    -0.00088
    18.23000     0.07949    -0.00083
    18.24000     0.07810    -0.00079
    18.25000     0.07668    -0.00074
    18.26000     0.07523    -0.00070
    18.27000     0.07375    -0.00065
    18.28000     0.07225    -0.00061
    18.29000     0.07071    -0.00056
    18.30000     0.06915    -0.00052
    18.31000     0.06756    -0.00047
    18.32000     0.06594    -0.00043
    18.33000     0.06429    -0.00039
    18.34000     0.06262    -0.00035
    18.35000     0.06091    -0.00031
    18.36000     0.05917    -0.00028
    18.37000     0.05741    -0.00024
    18.38000     0.05561    -0.00021
    18.39000     0.05378    -0.00018
    18.40000     0.05191    -0.00015
    18.41000     0.05001    -0.00012
    18.42000     0.04807    -0.00010
    18.43000     0.04608    -0.00008
    18.44000     0.04406    -0.00006
    18.45000     0.04199    -0.00004
    18.46000     0.03988    -0.00003
    18.47000     0.03771    -0.00002
    18.48000     0.03549    -0.00002
    18.49000     0.03322    -0.00001
    18.50000     0.03089    -0.00001
    18.51000     0.02850    -0.00001
    18.52000     0.02604    -0.00002
    18.53000     0.02352    -0.00003
    18.54000     0.02093    -0.00004
    18.55000     0.01827    -0.00005
    18.56000     0.01553    -0.00007
    18.57000     0.01272    -0.00009
    18.58000     0.00983    -0.00011
    18.59000     0.00685    -0.00013
    18.60000     0.00380    -0.00016
    18.61000     0.00065    -0.00019
    18.62000    -0.00257    -0.00022
    18.63000    -0.00589    -0.00025
    18.64000    -0.00930    -0.00028
    18.65000    -0.01279    -0.00032
    18.66000    -0.01638    -0.00036
    18.67000    -0.02005    -0.00039
    18.68000    -0.02381    -0.00043
    18.69000    -0.02767    -0.00048
    18.70000    -0.03161    -0.00052
    18.71000    -0.03563    -0.00056
    18.72000    -0.03974    -0.00060
    18.73000    -0.04393    -0.00065
    18.74000    -0.04820    -0.00069
    18.75000    -0.05254    -0.00074
    18.76000    -0.05695    -0.00078
    18.77000    -0.06143    -0.00083
    18.78000    -0.06597    -0.00087
    18.79000    -0.07057    -0.00092
    18.80000    -0.07521    -0.00096
    18.81000    -0.07989    -0.00101
    18.82000    -0.08461    -0.00105
    18.83000    -0.08936    -0.00109
    18.84000    -0.09412    -0.00113
    18.85000    -0.09889    -0.00118
    18.86000    -0.10366    -0.00122
    18.87000    -0.10843    -0.00126
    18.88000    -0.11317    -0.00130
    18.89000    -0.11787    -0.00133
    18.90000    -0.12254    -0.00137
    18.91000    -0.12714    -0.00140
    18.92000    -0.13168    -0.00144
    18.93000    -0.13614    -0.00147
    18.94000    -0.14050    -0.00150
    18.95000    -0.14475    -0.00153
    18.96000    -0.14887    -0.00156
    18.97000    -0.15287    -0.00158
    18.98000    -0.15670    -0.00160
    18.99000    -0.16038    -0.00162
    19.00000    -0.16387    -0.00164
    19.01000    -0.16716    -0.00166
    19.02000    -0.17025    -0.00167
    19.03000    -0.17311    -0.00169
    19.04000    -0.17573    -0.00170
    19.05000    -0.17810    -0.00170
    19.06000    -0.18020    -0.00171
    19.07000    -0.18202    -0.00171
    19.08000    -0.18355    -0.00171
    19.09000    -0.18478    -0.00170
    19.10000    -0.18569    -0.00169
    19.11000    -0.18628    -0.00168
    19.12000    -0.18653    -0.00167
    19.13000    -0.18644    -0.00166
    19.14000    -0.18600    -0.00164
    19.15000    -0.18521    -0.00161
    19.16000    -0.18405    -0.00159
    19.17000    -0.18253    -0.00156
    19.18000    -0.18064    -0.00153
    19.19000    -0.17839    -0.00150
    19.20000    -0.17578    -0.00146
    19.21000    -0.17280    -0.00142
    19.22000    -0.16946    -0.00138
    19.23000    -0.16577    -0.00134
    19.24000    -0.16173    -0.00129
    19.25000    -0.15735    -0.00124
    19.26000    -0.15264    -0.00120
    19.27000    -0.14762    -0.00114
    19.28000    -0.14229    -0.00109
    19.29000    -0.13667    -0.00104
    19.30000    -0.13078    -0.00099
    19.31000    -0.12462    -0.00093
    19.32000    -0.11822    -0.00088
    19.33000    -0.11160    -0.00082
    19.34000    -0.10478    -0.00077
    19.35000    -0.09777    -0.00071
    19.36000    -0.09060    -0.00066
    19.37000    -0.08328    -0.00061
    19.38000    -0.07584    -0.00056
    19.39000    -0.06831    -0.00051
    19.40000    -0.06069    -0.00046
    19.41000    -0.05302    -0.00041
    19.42000    -0.04532    -0.00037
    19.43000    -0.03760    -0.00032
    19.44000    -0.02989    -0.00028
    19.45000    -0.02222    -0.00024
    19.46000    -0.01459    -0.00021
    19.47000    -0.00704    -0.00018
    19.48000     0.00042    -0.00015
    19.49000     0.00778    -0.00012
    19.50000     0.01501    -0.00009
    19.51000     0.02209    -0.00007
    19.52000     0.02901    -0.00005
    19.53000     0.03576    -0.00004
    19.54000     0.04232    -0.00003
    19.55000     0.04868    -0.00002
    19.56000     0.05483    -0.00001
    19.57000     0.06075    -0.00001
    19.58000     0.06644    -0.00001
    19.59000     0.07190    -0.00002
    19.60000     0.07710    -0.00002
    19.61000     0.08205    -0.00003
    19.62000     0.08675    -0.00004
    19.63000     0.09118    -0.00006
    19.64000     0.09535    -0.00007
    19.65000     0.09926    -0.00009
    19.66000     0.10290    -0.00012
    19.67000     0.10628    -0.00014
    19.68000     0.10940    -0.00017
    19.69000     0.11226    -0.00020
    19.70000     0.11487    -0.00023
    19.71000     0.11722    -0.00026
    19.72000     0.11934    -0.00029
    19.73000     0.12121    -0.00033
    19.74000     0.12286    -0.00037
    19.75000     0.12428    -0.00041
    19.76000     0.12548    -0.00045
    19.77000     0.12648    -0.00049
    19.78000     0.12729    -0.00053
    19.79000     0.12790    -0.00057
    19.80000     0.12833    -0.00062
    19.81000     0.12860    -0.00066
    19.82000     0.12871    -0.00071
    19.83000     0.12866    -0.00075
    19.84000     0.12848    -0.00080
    19.85000     0.12818    -0.00084
    19.86000     0.12775    -0.00089
    19.87000     0.12722    -0.00094
    19.88000     0.12659    -0.00098
    19.89000     0.12587    -0.00103
    19.90000     0.12507    -0.00108
    19.91000     0.12421    -0.00112
    19.92000     0.12328    -0.00117
    19.93000     0.12231    -0.00121
    19.94000     0.12129    -0.00125
    19.95000     0.12025    -0.00130
    19.96000     0.11917    -0.00134
    19.97000     0.11808    -0.00138
    19.98000     0.11697    -0.00142
    19.99000     0.11586    -0.00146
    20.00000     0.11475    -0.00149
    20.01000     0.11364    -0.00153
    20.02000     0.11255    -0.00156
    20.03000     0.11147    -0.00159
    20.04000     0.11041    -0.00162
    20.05000     0.10937    -0.00165
    20.06000     0.10835    -0.00168
    20.07000     0.10737    -0.00170
    20.08000     0.10641    -0.00172
    20.09000     0.10548    -0.00174
    20.10000     0.10459    -0.00176
    20.11000     0.10373    -0.00177
    20.12000     0.10290    -0.00178
    20.13000     0.10210    -0.00179
    20.14000     0.10133    -0.00180
    20.15000     0.10060    -0.00180
    20.16000     0.09989    -0.00180
    20.17000     0.09921    -0.00180
    20.18000     0.09856    -0.00180
    20.19000     0.09793    -0.00179
    20.20000     0.09732    -0.00178
    20.21000     0.09673    -0.00176
    20.22000     0.09615    -0.00174
    20.23000     0.09559    -0.00172
    20.24000     0.09504    -0.00170
    20.25000     0.09449    -0.00167
    20.26000     0.09395    -0.00164
    20.27000     0.09341    -0.00161
    20.28000     0.09286    -0.00157
    20.29000     0.09231    -0.00154
    20.30000     0.09175    -0.00150
    20.31000     0.09118    -0.00145
    20.32000     0.09060    -0.00141
    20.33000     0.09000    -0.00136
    20.34000     0.08937    -0.00131
    20.35000     0.08873    -0.00126
    20.36000     0.08806    -0.00121
    20.37000     0.08736    -0.00115
    20.38000     0.08664    -0.00110
    20.39000     0.08588    -0.00104
    20.40000     0.08509    -0.00099
    20.41000     0.08426    -0.00093
    20.42000     0.08340    -0.00087
    20.43000     0.08249    -0.00082
    20.44000     0.08155    -0.00076
    20.45000     0.08056    -0.00071
    20.46000     0.07952    -0.00065
    20.47000     0.07844    -0.00060
    20.48000     0.07732    -0.00054
    20.49000     0.07614    -0.00049
    20.50000     0.07491    -0.00044
    20.51000     0.07362    -0.00040
    20.52000     0.07228    -0.00035
    20.53000     0.07089    -0.00031
    20.54000     0.06943    -0.00027
    20.55000     0.06791    -0.00023
    20.56000     0.06633    -0.00019
    20.57000     0.06467    -0.00016
    20.58000     0.06295    -0.00013
    20.59000     0.06116    -0.00011
    20.60000     0.05930    -0.00009
    20.61000     0.05735    -0.00007
    20.62000     0.05533    -0.00005
    20.63000     0.05322    -0.00004
    20.64000     0.05103    -0.00003
    20.65000     0.04875    -0.00002
    20.66000     0.04638    -0.00002
    20.67000     0.04391    -0.00002
    20.68000     0.04135    -0.00003
    20.69000     0.03869    -0.00004
    20.70000     0.03593    -0.00005
    20.71000     0.03306    -0.00006
    20.72000     0.03008    -0.00008
    20.73000     0.02700    -0.00010
    20.74000     0.02381    -0.00013
    20.75000     0.02050    -0.00015
    20.76000     0.01708    -0.00018
    20.77000     0.01354    -0.00022
    20.78000     0.00989    -0.00025
    20.79000     0.00612    -0.00029
    20.80000     0.00224    -0.00033
    20.81000    -0.00177    -0.00037
    20.82000    -0.00589    -0.00042
    20.83000    -0.01013    -0.00046
    20.84000    -0.01448    -0.00051
    20.85000    -0.01894    -0.00056
    20.86000    -0.02352    -0.00061
    20.87000    -0.02820    -0.00066
    20.88000    -0.03299    -0.00072
    20.89000    -0.03789    -0.00077
    20.90000    -0.04288    -0.00083
    20.91000    -0.04796    -0.00088
    20.92000    -0.05313    -0.00094
    20.93000    -0.05839    -0.00100
    20.94000    -0.06372    -0.00106
    20.95000    -0.06912    -0.00111
    20.96000    -0.07458    -0.00117
    20.97000    -0.08009    -0.00123
    20.98000    -0.08565    -0.00128
    20.99000    -0.09125    -0.00134
    21.00000    -0.09688    -0.00140
    21.01000    -0.10252    -0.00145
    21.02000    -0.10816    -0.00151
    21.03000    -0.11380    -0.00156
    21.04000    -0.11942    -0.00161
    21.05000    -0.12501    -0.00166
    21.06000    -0.13056    -0.00171
    21.07000    -0.13605    -0.00176
    21.08000    -0.14146    -0.00181
    21.09000    -0.14680    -0.00185
    21.10000    -0.15203    -0.00189
    21.11000    -0.15714    -0.00193
    21.12000    -0.16213    -0.00197
    21.13000    -0.16696    -0.00201
    21.14000    -0.17164    -0.00204
    21.15000    -0.17613    -0.00207
    21.16000    -0.18043    -0.00210
    21.17000    -0.18452    -0.00213
    21.18000    -0.18837    -0.00215
    21.19000    -0.19199    -0.00217
    21.20000    -0.19534    -0.00218
    21.21000    -0.19841    -0.00219
    21.22000    -0.20120    -0.00220
    21.23000    -0.20367    -0.00221
    21.24000    -0.20583    -0.00221
    21.25000    -0.20765    -0.00221
    21.26000    -0.20912    -0.00220
    21.27000    -0.21024    -0.00219
    21.28000    -0.21098    -0.00218
    21.29000    -0.21134    -0.00216
    21.30000    -0.21131    -0.00214
    21.31000    -0.21088    -0.00211
    21.32000    -0.21004    -0.00208
    21.33000    -0.20880    -0.00205
    21.34000    -0.20714    -0.00201
    21.35000    -0.20507    -0.00197
    21.36000    -0.20258    -0.00192
    21.37000    -0.19968    -0.00187
    21.38000    -0.19636    -0.00182
    21.39000    -0.19264    -0.00177
    21.40000    -0.18852    -0.00171
    21.41000    -0.18400    -0.00165
    21.42000    -0.17910    -0.00159
    21.43000    -0.17383    -0.00152
    21.44000    -0.16820    -0.00146
    21.45000    -0.16223    -0.00139
    21.46000    -0.15592    -0.00132
    21.47000    -0.14931    -0.00125
    21.48000    -0.14241    -0.00118
    21.49000    -0.13523    -0.00111
    21.50000    -0.12781    -0.00104
    21.51000    -0.12016    -0.00097
    21.52000    -0.11230    -0.00090
    21.53000    -0.10426    -0.00083
    21.54000    -0.09607    -0.00076
    21.55000    -0.08774    -0.00070
    21.56000    -0.07931    -0.00063
    21.57000    -0.07080    -0.00057
    21.58000    -0.06223    -0.00051
    21.59000    -0.05363    -0.00046
    21.60000    -0.04502    -0.00040
    21.61000    -0.03644    -0.00035
    21.62000    -0.02790    -0.00030
    21.63000    -0.01942    -0.00026
    21.64000    -0.01103    -0.00022
    21.65000    -0.00275    -0.00018
    21.66000     0.00539    -0.00015
    21.67000     0.01339    -0.00012
    21.68000     0.02122    -0.00010
    21.69000     0.02886    -0.00007
    21.70000     0.03631    -0.00006
    21.71000     0.04354    -0.00004
    21.72000     0.05054    -0.00003
    21.73000     0.05730    -0.00003
    21.74000     0.06381    -0.00003
    21.75000     0.07006    -0.00003
    21.76000     0.07605    -0.00004
    21.77000     0.08177    -0.00004
    21.78000     0.08722    -0.00006
    21.79000     0.09238    -0.00007
    21.80000     0.09727    -0.00009
    21.81000     0.10188    -0.00012
    21.82000     0.10620    -0.00014
    21.83000     0.11025    -0.00017
    21.84000     0.11403    -0.00021
    21.85000     0.11754    -0.00024
    21.86000     0.12078    -0.00028
    21.87000     0.12377    -0.00032
    21.88000     0.12650    -0.00036
    21.89000     0.12899    -0.00040
    21.90000     0.13124    -0.00045
    21.91000     0.13327    -0.00050
    21.92000     0.13507    -0.00055
    21.93000     0.13667    -0.00060
    21.94000     0.13807    -0.00066
    21.95000     0.13928    -0.00071
    21.96000     0.14031    -0.00077
    21.97000     0.14118    -0.00083
    21.98000     0.14189    -0.00088
    21.99000     0.14245    -0.00094
    22.00000     0.14288    -0.00100
    22.01000     0.14318    -0.00107
    22.02000     0.14336    -0.00113
    22.03000     0.14344    -0.00119
    22.04000     0.14343    -0.00125
    22.05000     0.14333    -0.00131
    22.06000     0.14315    -0.00137
    22.07000     0.14290    -0.00144
    22.08000     0.14259    -0.00150
    22.09000     0.14223    -0.00156
    22.10000     0.14182    -0.00162
    22.11000     0.14138    -0.00167
    22.12000     0.14090    -0.00173
    22.13000     0.14040    -0.00179
    22.14000     0.13987    -0.00184
    22.15000     0.13933    -0.00190
    22.16000     0.13878    -0.00195
    22.17000     0.13822    -0.00200
    22.18000     0.13765    -0.00204
    22.19000     0.13708    -0.00209
    22.20000     0.13651    -0.00213
    22.21000     0.13594    -0.00217
    22.22000     0.13537    -0.00221
    22.23000     0.13481    -0.00225
    22.24000     0.13425    -0.00228
    22.25000     0.13369    -0.00231
    22.26000     0.13313    -0.00234
    22.27000     0.13257    -0.00236
    22.28000     0.13201    -0.00238
    22.29000     0.13145    -0.00239
    22.30000     0.13089    -0.00241
    22.31000     0.13031    -0.00242
    22.32000     0.12973    -0.00242
    22.33000     0.12914    -0.00242
    22.34000     0.12852    -0.00242
    22.35000     0.12789    -0.00241
    22.36000     0.12724    -0.00240
    22.37000     0.12657    -0.00239
    22.38000     0.12586    -0.00237
    22.39000     0.12513    -0.00235
    22.40000     0.12436    -0.00232
    22.41000     0.12355    -0.00229
    22.42000     0.12271    -0.00226
    22.43000     0.12182    -0.00222
    22.44000     0.12089    -0.00218
    22.45000     0.11992    -0.00213
    22.46000     0.11890    -0.00208
    22.47000     0.11783    -0.00203
    22.48000     0.11671    -0.00198
    22.49000     0.11555    -0.00192
    22.50000     0.11433    -0.00185
    22.51000     0.11306    -0.00179
    22.52000     0.11175    -0.00172
    22.53000     0.11039    -0.00165
    22.54000     0.10898    -0.00158
    22.55000     0.10752    -0.00151
    22.56000     0.10603    -0.00144
    22.57000     0.10448    -0.00136
    22.58000     0.10290    -0.00128
    22.59000     0.10128    -0.00121
    22.60000     0.09962    -0.00113
    22.61000     0.09792    -0.00106
    22.62000     0.09619    -0.00098
    22.63000     0.09442    -0.00091
    22.64000     0.09263    -0.00083
    22.65000     0.09080    -0.00076
    22.66000     0.08894    -0.00069
    22.67000     0.08705    -0.00062
    22.68000     0.08513    -0.00056
    22.69000     0.08318    -0.00050
    22.70000     0.08120    -0.00044
    22.71000     0.07918    -0.00038
    22.72000     0.07713    -0.00033
    22.73000     0.07504    -0.00028
    22.74000     0.07292    -0.00024
    22.75000     0.07075    -0.00020
    22.76000     0.06853    -0.00016
    22.77000     0.06627    -0.00013
    22.78000     0.06395    -0.00011
    22.79000     0.06158    -0.00008
    22.80000     0.05914    -0.00007
    22.81000     0.05664    -0.00006
    22.82000     0.05406    -0.00005
    22.83000     0.05141    -0.00005
    22.84000     0.04868    -0.00005
    22.85000     0.04586    -0.00006
    22.86000     0.04294    -0.00007
    22.87000     0.03993    -0.00009
    22.88000     0.03682    -0.00011
    22.89000     0.03360    -0.00013
    22.90000     0.03026    -0.00016
    22.91000     0.02681    -0.00020
    22.92000     0.02323    -0.00024
    22.93000     0.01952    -0.00028
    22.94000     0.01569    -0.00033
    22.95000     0.01172    -0.00037
    22.96000     0.00760    -0.00043
    22.97000     0.00335    -0.00048
    22.98000    -0.00105    -0.00054
    22.99000    -0.00559    -0.00060
    23.00000    -0.01029    -0.00066
    23.01000    -0.01513    -0.00073
    23.02000    -0.02013    -0.00079
    23.03000    -0.02527    -0.00086
    23.04000    -0.03057    -0.00093
    23.05000    -0.03602    -0.00100
    23.06000    -0.04161    -0.00107
    23.07000    -0.04735    -0.00115
    23.08000    -0.05323    -0.00122
    23.09000    -0.05925    -0.00129
    23.10000    -0.06540    -0.00137
    23.11000    -0.07168    -0.00144
    23.12000    -0.07807    -0.00152
    23.13000    -0.08459    -0.00159
    23.14000    -0.09120    -0.00166
    23.15000    -0.09792    -0.00174
    23.16000    -0.10472    -0.00181
    23.17000    -0.11159    -0.00188
    23.18000    -0.11853    -0.00195
    23.19000    -0.12552    -0.00202
    23.20000    -0.13254    -0.00209
    23.21000    -0.13959    -0.00216
    23.22000    -0.14664    -0.00223
    23.23000    -0.15368    -0.00229
    23.24000    -0.16069    -0.00236
    23.25000    -0.16765    -0.00242
    23.26000    -0.17454    -0.00248
    23.27000    -0.18135    -0.00254
    23.28000    -0.18805    -0.00259
    23.29000    -0.19461    -0.00264
    23.30000    -0.20102    -0.00270
    23.31000    -0.20725    -0.00274
    23.32000    -0.21328    -0.00279
    23.33000    -0.21908    -0.00283
    23.34000    -0.22462    -0.00287
    23.35000    -0.22989    -0.00290
    23.36000    -0.23485    -0.00294
    23.37000    -0.23948    -0.00296
    23.38000    -0.24375    -0.00299
    23.39000    -0.24764    -0.00300
    23.40000    -0.25112    -0.00302
    23.41000    -0.25417    -0.00303
    23.42000    -0.25677    -0.00303
    23.43000    -0.25889    -0.00303
    23.44000    -0.26051    -0.00302
    23.45000    -0.26162    -0.00300
    23.46000    -0.26219    -0.00298
    23.47000    -0.26221    -0.00296
    23.48000    -0.26166    -0.00293
    23.49000    -0.26055    -0.00289
    23.50000    -0.25884    -0.00285
    23.51000    -0.25655    -0.00280
    23.52000    -0.25366    -0.00274
    23.53000    -0.25018    -0.00268
    23.54000    -0.24610    -0.00261
    23.55000    -0.24144    -0.00254
    23.56000    -0.23621    -0.00246
    23.57000    -0.23040    -0.00238
    23.58000    -0.22405    -0.00230
    23.59000    -0.21716    -0.00221
    23.60000    -0.20976    -0.00212
    23.61000    -0.20187    -0.00202
    23.62000    -0.19351    -0.00192
    23.63000    -0.18472    -0.00182
    23.64000    -0.17552    -0.00172
    23.65000    -0.16594    -0.00162
    23.66000    -0.15602    -0.00152
    23.67000    -0.14580    -0.00142
    23.68000    -0.13530    -0.00132
    23.69000    -0.12457    -0.00122
    23.70000    -0.11365    -0.00112
    23.71000    -0.10257    -0.00102
    23.72000    -0.09136    -0.00093
    23.73000    -0.08008    -0.00084
    23.74000    -0.06876    -0.00075
    23.75000    -0.05742    -0.00067
    23.76000    -0.04612    -0.00059
    23.77000    -0.03489    -0.00052
    23.78000    -0.02375    -0.00045
    23.79000    -0.01275    -0.00039
    23.80000    -0.00191    -0.00033
    23.81000     0.00873    -0.00028
    23.82000     0.01914    -0.00023
    23.83000     0.02931    -0.00019
    23.84000     0.03921    -0.00015
    23.85000     0.04881    -0.00012
    23.86000     0.05809    -0.00010
    23.87000     0.06704    -0.00008
    23.88000     0.07564    -0.00006
    23.89000     0.08388    -0.00005
    23.90000     0.09174    -0.00005
    23.91000     0.09922    -0.00005
    23.92000     0.10630    -0.00006
    23.93000     0.11300    -0.00007
    23.94000     0.11929    -0.00009
    23.95000     0.12518    -0.00011
    23.96000     0.13067    -0.00014
    23.97000     0.13577    -0.00017
    23.98000     0.14047    -0.00021
    23.99000     0.14479    -0.00024
    24.00000     0.14872    -0.00029
    24.01000     0.15229    -0.00033
    24.02000     0.15550    -0.00038
    24.03000     0.15836    -0.00044
    24.04000     0.16088    -0.00049
    24.05000     0.16308    -0.00055
    24.06000     0.16496    -0.00061
    24.07000     0.16656    -0.00068
    24.08000     0.16787    -0.00074
    24.09000     0.16892    -0.00081
    24.10000     0.16972    -0.00088
    24.11000     0.17030    -0.00095
    24.12000     0.17065    -0.00103
    24.13000     0.17081    -0.00110
    24.14000     0.17079    -0.00118
    24.15000     0.17060    -0.00126
    24.16000     0.17027    -0.00134
    24.17000     0.16980    -0.00142
    24.18000     0.16921    -0.00150
    24.19000     0.16853    -0.00158
    24.20000     0.16775    -0.00167
    24.21000     0.16691    -0.00175
    24.22000     0.16600    -0.00184
    24.23000     0.16505    -0.00192
    24.24000     0.16406    -0.00200
    24.25000     0.16305    -0.00209
    24.26000     0.16204    -0.00217
    24.27000     0.16101    -0.00225
    24.28000     0.16000    -0.00234
    24.29000     0.15900    -0.00242
    24.30000     0.15803    -0.00250
    24.31000     0.15709    -0.00258
    24.32000     0.15619    -0.00266
    24.33000     0.15533    -0.00273
    24.34000     0.15451    -0.00281
    24.35000     0.15374    -0.00288
    24.36000     0.15303    -0.00295
    24.37000     0.15237    -0.00302
    24.38000     0.15177    -0.00308
    24.39000     0.15123    -0.00314
    24.40000     0.15074    -0.00320
    24.41000     0.15030    -0.00326
    24.42000     0.14992    -0.00331
    24.43000     0.14959    -0.00336
    24.44000     0.14930    -0.00340
    24.45000     0.14906    -0.00344
    24.46000     0.14885    -0.00347
    24.47000     0.14868    -0.00350
    24.48000     0.14854    -0.00352
    24.49000     0.14842    -0.00354
    24.50000     0.14832    -0.00355
    24.51000     0.14823    -0.00356
    24.52000     0.14815    -0.00356
    24.53000     0.14806    -0.00355
    24.54000     0.14796    -0.00353
    24.55000     0.14785    -0.00351
    24.56000     0.14771    -0.00349
    24.57000     0.14755    -0.00345
    24.58000     0.14735    -0.00341
    24.59000     0.14711    -0.00336
    24.60000     0.14682    -0.00331
    24.61000     0.14649    -0.00325
    24.62000     0.14609    -0.00318
    24.63000     0.14563    -0.00310
    24.64000     0.14511    -0.00302
    24.65000     0.14452    -0.00294
    24.66000     0.14385    -0.00285
    24.67000     0.14311    -0.00275
    24.68000     0.14230    -0.00265
    24.69000     0.14140    -0.00255
    24.70000     0.14043    -0.00244
    24.71000     0.13937    -0.00233
    24.72000     0.13824    -0.00221
    24.73000     0.13702    -0.00210
    24.74000     0.13573    -0.00198
    24.75000     0.13435    -0.00187
    24.76000     0.13290    -0.00175
    24.77000     0.13137    -0.00163
    24.78000     0.12976    -0.00152
    24.79000     0.12807    -0.00140
    24.80000     0.12631    -0.00129
    24.81000     0.12447    -0.00118
    24.82000     0.12256    -0.00107
    24.83000     0.12057    -0.00097
    24.84000     0.11850    -0.00087
    24.85000     0.11636    -0.00078
    24.86000     0.11413    -0.00069
    24.87000     0.11183    -0.00060
    24.88000     0.10945    -0.00053
    24.89000     0.10698    -0.00045
    24.90000     0.10442    -0.00039
    24.91000     0.10177    -0.00033
    24.92000     0.09903    -0.00027
    24.93000     0.09620    -0.00022
    24.94000     0.09326    -0.00018
    24.95000     0.09022    -0.00015
    24.96000     0.08707    -0.00012
    24.97000     0.08380    -0.00010
    24.98000     0.08042    -0.00009
    24.99000     0.07691    -0.00008
    25.00000     0.07327    -0.00008
    25.01000     0.06950    -0.00009
