    11.01900     0.00000     0.00000    -9.81000    -1.28106     0.00000    -1.04414
    11.02000     0.00000     0.00000    -9.81000    -1.28162     0.00000    -1.03505
    11.02100     0.00000     0.00000    -9.81000    -1.28216     0.00000    -1.02641
    11.02200     0.00000     0.00000    -9.81000    -1.28266     0.00000    -1.01822
    11.02300     0.00000     0.00000    -9.81000    -1.28314     0.00000    -1.01046
    11.02400     0.00000     0.00000    -9.81000    -1.28359     0.00000    -1.00316
    11.02500     0.00000     0.00000    -9.81000    -1.28402     0.00000    -0.99628
    11.02600     0.00000     0.00000    -9.81000    -1.28442     0.00000    -0.98985
    11.02700     0.00000     0.00000    -9.81000    -1.28479     0.00000    -0.98385
    11.02800     0.00000     0.00000    -9.81000    -1.28513     0.00000    -0.97828
    11.02900     0.00000     0.00000    -9.81000    -1.28545     0.00000    -0.97313
    11.03000     0.00000     0.00000    -9.81000    -1.28574     0.00000    -0.96840
    11.03100     0.00000     0.00000    -9.81000    -1.28600     0.00000    -0.96409
    11.03200     0.00000     0.00000    -9.81000    -1.28624     0.00000    -0.96019
    11.03300     0.00000     0.00000    -9.81000    -1.28645     0.00000    -0.95670
    11.03400     0.00000     0.00000    -9.81000    -1.28663     0.00000    -0.95361
    11.03500     0.00000     0.00000    -9.81000    -1.28679     0.00000    -0.95096
    11.03600     0.00000     0.00000    -9.81000    -1.28692     0.00000    -0.94868
    11.03700     0.00000     0.00000    -9.81000    -1.28703     0.00000    -0.94680
    11.03800     0.00000     0.00000    -9.81000    -1.28711     0.00000    -0.94532
    11.03900     0.00000     0.00000    -9.81000    -1.28716     0.00000    -0.94424
    11.04000     0.00000     0.00000    -9.81000    -1.28719     0.00000    -0.94353
    11.04100     0.00000     0.00000    -9.81000    -1.28719     0.00000    -0.94321
    11.04200     0.00000     0.00000    -9.81000    -1.28717     0.00000    -0.94327
    11.04300     0.00000     0.00000    -9.81000    -1.28712     0.00000    -0.94371
    11.04400     0.00000     0.00000    -9.81000    -1.28705     0.00000    -0.94453
    11.04500     0.00000     0.00000    -9.81000    -1.28695     0.00000    -0.94570
    11.04600     0.00000     0.00000    -9.81000    -1.28682     0.00000    -0.94726
    11.04700     0.00000     0.00000    -9.81000    -1.28668     0.00000    -0.94919
    11.04800     0.00000     0.00000    -9.81000    -1.28650     0.00000    -0.95145
    11.04900     0.00000     0.00000    -9.81000    -1.28630     0.00000    -0.95409
    11.05000     0.00000     0.00000    -9.81000    -1.28608     0.00000    -0.95709
    11.05100     0.00000     0.00000    -9.81000    -1.28583     0.00000    -0.96041
    11.05200     0.00000     0.00000    -9.81000    -1.28556     0.00000    -0.96410
    11.05300     0.00000     0.00000    -9.81000    -1.28526     0.00000    -0.96814
    11.05400     0.00000     0.00000    -9.81000    -1.28494     0.00000    -0.97252
    11.05500     0.00000     0.00000    -9.81000    -1.28460     0.00000    -0.97724
    11.05600     0.00000     0.00000    -9.81000    -1.28423     0.00000    -0.98229
    11.05700     0.00000     0.00000    -9.81000    -1.28383     0.00000    -0.98767
    11.05800     0.00000     0.00000    -9.81000    -1.28341     0.00000    -0.99339
    11.05900     0.00000     0.00000    -9.81000    -1.28297     0.00000    -0.99943
    11.06000     0.00000     0.00000    -9.81000    -1.28251     0.00000    -1.00580
    11.06100     0.00000     0.00000    -9.81000    -1.28202     0.00000    -1.01249
    11.06200     0.00000     0.00000    -9.81000    -1.28151     0.00000    -1.01950
    11.06300     0.00000     0.00000    -9.81000    -1.28097     0.00000    -1.02680
    11.06400     0.00000     0.00000    -9.81000    -1.28041     0.00000    -1.03444
    11.06500     0.00000     0.00000    -9.81000    -1.27983     0.00000    -1.04238
    11.06600     0.00000     0.00000    -9.81000    -1.27922     0.00000    -1.05062
    11.06700     0.00000     0.00000    -9.81000    -1.27859     0.00000    -1.05918
    11.06800     0.00000     0.00000    -9.81000    -1.27794     0.00000    -1.06803
    11.06900     0.00000     0.00000    -9.81000    -1.27727     0.00000    -1.07718
    11.07000     0.00000     0.00000    -9.81000    -1.27657     0.00000    -1.08662
    11.07100     0.00000     0.00000    -9.81000    -1.27585     0.00000    -1.09637
    11.07200     0.00000     0.00000    -9.81000    -1.27510     0.00000    -1.10639
    11.07300     0.00000     0.00000    -9.81000    -1.27434     0.00000    -1.11670
    11.07400     0.00000     0.00000    -9.81000    -1.27355     0.00000    -1.12730
    11.07500     0.00000     0.00000    -9.81000    -1.27274     0.00000    -1.13818
    11.07600     0.00000     0.00000    -9.81000    -1.27191     0.00000    -1.14933
    11.07700     0.00000     0.00000    -9.81000    -1.27105     0.00000    -1.16077
    11.07800     0.00000     0.00000    -9.81000    -1.27018     0.00000    -1.17247
    11.07900     0.00000     0.00000    -9.81000    -1.26928     0.00000    -1.18445
    11.08000     0.00000     0.00000    -9.81000    -1.26836     0.00000    -1.19670
    11.08100     0.00000     0.00000    -9.81000    -1.26742     0.00000    -1.20921
    11.08200     0.00000     0.00000    -9.81000    -1.26645     0.00000    -1.22198
    11.08300     0.00000     0.00000    -9.81000    -1.26547     0.00000    -1.23501
    11.08400     0.00000     0.00000    -9.81000    -1.26446     0.00000    -1.24831
    11.08500     0.00000     0.00000    -9.81000    -1.26343     0.00000    -1.26185
    11.08600     0.00000     0.00000    -9.81000    -1.26238     0.00000    -1.27565
    11.08700     0.00000     0.00000    -9.81000    -1.26131     0.00000    -1.28971
    11.08800     0.00000     0.00000    -9.81000    -1.26022     0.00000    -1.30401
    11.08900     0.00000     0.00000    -9.81000    -1.25910     0.00000    -1.31856
    11.09000     0.00000     0.00000    -9.81000    -1.25797     0.00000    -1.33335
    11.09100     0.00000     0.00000    -9.81000    -1.25681     0.00000    -1.34838
    11.09200     0.00000     0.00000    -9.81000    -1.25564     0.00000    -1.36366
    11.09300     0.00000     0.00000    -9.81000    -1.25444     0.00000    -1.37916
    11.09400     0.00000     0.00000    -9.81000    -1.25322     0.00000    -1.39489
    11.09500     0.00000     0.00000    -9.81000    -1.25199     0.00000    -1.41087
    11.09600     0.00000     0.00000    -9.81000    -1.25073     0.00000    -1.42708
    11.09700     0.00000     0.00000    -9.81000    -1.24945     0.00000    -1.44351
    11.09800     0.00000     0.00000    -9.81000    -1.24815     0.00000    -1.46017
    11.09900     0.00000     0.00000    -9.81000    -1.24683     0.00000    -1.47704
    11.10000     0.00000     0.00000    -9.81000    -1.24549     0.00000    -1.49415
    11.10100     0.00000     0.00000    -9.81000    -1.24413     0.00000    -1.51146
    11.10200     0.00000     0.00000    -9.81000    -1.24275     0.00000    -1.52900
    11.10300     0.00000     0.00000    -9.81000    -1.24135     0.00000    -1.54675
    11.10400     0.00000     0.00000    -9.81000    -1.23994     0.00000    -1.56471
    11.10500     0.00000     0.00000    -9.81000    -1.23850     0.00000    -1.58289
    11.10600     0.00000     0.00000    -9.81000    -1.23704     0.00000    -1.60127
    11.10700     0.00000     0.00000    -9.81000    -1.23556     0.00000    -1.61985
    11.10800     0.00000     0.00000    -9.81000    -1.23407     0.00000    -1.63865
    11.10900     0.00000     0.00000    -9.81000    -1.23255     0.00000    -1.65764
    11.11000     0.00000     0.00000    -9.81000    -1.23101     0.00000    -1.67684
    11.11100     0.00000     0.00000    -9.81000    -1.22946     0.00000    -1.69623
    11.11200     0.00000     0.00000    -9.81000    -1.22789     0.00000    -1.71583
    11.11300     0.00000     0.00000    -9.81000    -1.22629     0.00000    -1.73561
    11.11400     0.00000     0.00000    -9.81000    -1.22468     0.00000    -1.75558
    11.11500     0.00000     0.00000    -9.81000    -1.22305     0.00000    -1.77576
    11.11600     0.00000     0.00000    -9.81000    -1.22141     0.00000    -1.79612
    11.11700     0.00000     0.00000    -9.81000    -1.21974     0.00000    -1.81667
    11.11800     0.00000     0.00000    -9.81000    -1.21805     0.00000    -1.83739
    11.11900     0.00000     0.00000    -9.81000    -1.21635     0.00000    -1.85831
    11.12000     0.00000     0.00000    -9.81000    -1.21462     0.00000    -1.87940
    11.12100     0.00000     0.00000    -9.81000    -1.21288     0.00000    -1.90068
    11.12200     0.00000     0.00000    -9.81000    -1.21112     0.00000    -1.92213
    11.12300     0.00000     0.00000    -9.81000    -1.20935     0.00000    -1.94376
    11.12400     0.00000     0.00000    -9.81000    -1.20755     0.00000    -1.96558
    11.12500     0.00000     0.00000    -9.81000    -1.20574     0.00000    -1.98754
    11.12600     0.00000     0.00000    -9.81000    -1.20391     0.00000    -2.00970
    11.12700     0.00000     0.00000    -9.81000    -1.20206     0.00000    -2.03201
    11.12800     0.00000     0.00000    -9.81000    -1.20019     0.00000    -2.05449
    11.12900     0.00000     0.00000    -9.81000    -1.19830     0.00000    -2.07715
    11.13000     0.00000     0.00000    -9.81000    -1.19640     0.00000    -2.09996
    11.13100     0.00000     0.00000    -9.81000    -1.19448     0.00000    -2.12295
    11.13200     0.00000     0.00000    -9.81000    -1.19254     0.00000    -2.14609
    11.13300     0.00000     0.00000    -9.81000    -1.19059     0.00000    -2.16938
    11.13400     0.00000     0.00000    -9.81000    -1.18862     0.00000    -2.19284
    11.13500     0.00000     0.00000    -9.81000    -1.18663     0.00000    -2.21646
    11.13600     0.00000     0.00000    -9.81000    -1.18462     0.00000    -2.24023
    11.13700     0.00000     0.00000    -9.81000    -1.18260     0.00000    -2.26415
    11.13800     0.00000     0.00000    -9.81000    -1.18056     0.00000    -2.28822
    11.13900     0.00000     0.00000    -9.81000    -1.17850     0.00000    -2.31245
    11.14000     0.00000     0.00000    -9.81000    -1.17643     0.00000    -2.33683
    11.14100     0.00000     0.00000    -9.81000    -1.17434     0.00000    -2.36135
    11.14200     0.00000     0.00000    -9.81000    -1.17223     0.00000    -2.38602
    11.14300     0.00000     0.00000    -9.81000    -1.17011     0.00000    -2.41082
    11.14400     0.00000     0.00000    -9.81000    -1.16797     0.00000    -2.43578
    11.14500     0.00000     0.00000    -9.81000    -1.16581     0.00000    -2.46086
    11.14600     0.00000     0.00000    -9.81000    -1.16364     0.00000    -2.48610
    11.14700     0.00000     0.00000    -9.81000    -1.16145     0.00000    -2.51148
    11.14800     0.00000     0.00000    -9.81000    -1.15925     0.00000    -2.53699
    11.14900     0.00000     0.00000    -9.81000    -1.15703     0.00000    -2.56263
    11.15000     0.00000     0.00000    -9.81000    -1.15479     0.00000    -2.58840
    11.15100     0.00000     0.00000    -9.81000    -1.15254     0.00000    -2.61431
    11.15200     0.00000     0.00000    -9.81000    -1.15027     0.00000    -2.64036
    11.15300     0.00000     0.00000    -9.81000    -1.14798     0.00000    -2.66653
    11.15400     0.00000     0.00000    -9.81000    -1.14568     0.00000    -2.69283
    11.15500     0.00000     0.00000    -9.81000    -1.14337     0.00000    -2.71926
    11.15600     0.00000     0.00000    -9.81000    -1.14103     0.00000    -2.74581
    11.15700     0.00000     0.00000    -9.81000    -1.13869     0.00000    -2.77248
    11.15800     0.00000     0.00000    -9.81000    -1.13633     0.00000    -2.79928
    11.15900     0.00000     0.00000    -9.81000    -1.13395     0.00000    -2.82619
    11.16000     0.00000     0.00000    -9.81000    -1.13155     0.00000    -2.85324
    11.16100     0.00000     0.00000    -9.81000    -1.12915     0.00000    -2.88040
    11.16200     0.00000     0.00000    -9.81000    -1.12672     0.00000    -2.90768
    11.16300     0.00000     0.00000    -9.81000    -1.12429     0.00000    -2.93508
    11.16400     0.00000     0.00000    -9.81000    -1.12183     0.00000    -2.96258
    11.16500     0.00000     0.00000    -9.81000    -1.11937     0.00000    -2.99021
    11.16600     0.00000     0.00000    -9.81000    -1.11688     0.00000    -3.01794
    11.16700     0.00000     0.00000    -9.81000    -1.11439     0.00000    -3.04579
    11.16800     0.00000     0.00000    -9.81000    -1.11187     0.00000    -3.07375
    11.16900     0.00000     0.00000    -9.81000    -1.10935     0.00000    -3.10181
    11.17000     0.00000     0.00000    -9.81000    -1.10681     0.00000    -3.12998
    11.17100     0.00000     0.00000    -9.81000    -1.10425     0.00000    -3.15825
    11.17200     0.00000     0.00000    -9.81000    -1.10168     0.00000    -3.18663
    11.17300     0.00000     0.00000    -9.81000    -1.09910     0.00000    -3.21511
    11.17400     0.00000     0.00000    -9.81000    -1.09650     0.00000    -3.24370
    11.17500     0.00000     0.00000    -9.81000    -1.09389     0.00000    -3.27238
    11.17600     0.00000     0.00000    -9.81000    -1.09127     0.00000    -3.30117
    11.17700     0.00000     0.00000    -9.81000    -1.08863     0.00000    -3.33006
    11.17800     0.00000     0.00000    -9.81000    -1.08597     0.00000    -3.35905
    11.17900     0.00000     0.00000    -9.81000    -1.08331     0.00000    -3.38812
    11.18000     0.00000     0.00000    -9.81000    -1.08063     0.00000    -3.41728
    11.18100     0.00000     0.00000    -9.81000    -1.07793     0.00000    -3.44655
    11.18200     0.00000     0.00000    -9.81000    -1.07522     0.00000    -3.47591
    11.18300     0.00000     0.00000    -9.81000    -1.07250     0.00000    -3.50536
    11.18400     0.00000     0.00000    -9.81000    -1.06977     0.00000    -3.53490
    11.18500     0.00000     0.00000    -9.81000    -1.06702     0.00000    -3.56452
    11.18600     0.00000     0.00000    -9.81000    -1.06426     0.00000    -3.59423
    11.18700     0.00000     0.00000    -9.81000    -1.06148     0.00000    -3.62402
    11.18800     0.00000     0.00000    -9.81000    -1.05869     0.00000    -3.65392
    11.18900     0.00000     0.00000    -9.81000    -1.05589     0.00000    -3.68389
    11.19000     0.00000     0.00000    -9.81000    -1.05308     0.00000    -3.71393
    11.19100     0.00000     0.00000    -9.81000    -1.05025     0.00000    -3.74406
    11.19200     0.00000     0.00000    -9.81000    -1.04742     0.00000    -3.77428
    11.19300     0.00000     0.00000    -9.81000    -1.04456     0.00000    -3.80456
    11.19400     0.00000     0.00000    -9.81000    -1.04170     0.00000    -3.83494
    11.19500     0.00000     0.00000    -9.81000    -1.03882     0.00000    -3.86537
    11.19600     0.00000     0.00000    -9.81000    -1.03593     0.00000    -3.89589
    11.19700     0.00000     0.00000    -9.81000    -1.03303     0.00000    -3.92648
    11.19800     0.00000     0.00000    -9.81000    -1.03012     0.00000    -3.95714
    11.19900     0.00000     0.00000    -9.81000    -1.02719     0.00000    -3.98790
    11.20000     0.00000     0.00000    -9.81000    -1.02425     0.00000    -4.01869
    11.20100     0.00000     0.00000    -9.81000    -1.02130     0.00000    -4.04957
    11.20200     0.00000     0.00000    -9.81000    -1.01834     0.00000    -4.08050
    11.20300     0.00000     0.00000    -9.81000    -1.01536     0.00000    -4.11151
    11.20400     0.00000     0.00000    -9.81000    -1.01238     0.00000    -4.14260
    11.20500     0.00000     0.00000    -9.81000    -1.00938     0.00000    -4.17373
    11.20600     0.00000     0.00000    -9.81000    -1.00637     0.00000    -4.20493
    11.20700     0.00000     0.00000    -9.81000    -1.00335     0.00000    -4.23619
    11.20800     0.00000     0.00000    -9.81000    -1.00031     0.00000    -4.26753
    11.20900     0.00000     0.00000    -9.81000    -0.99727     0.00000    -4.29891
    11.21000     0.00000     0.00000    -9.81000    -0.99421     0.00000    -4.33036
    11.21100     0.00000     0.00000    -9.81000    -0.99114     0.00000    -4.36186
    11.21200     0.00000     0.00000    -9.81000    -0.98806     0.00000    -4.39342
    11.21300     0.00000     0.00000    -9.81000    -0.98497     0.00000    -4.42503
    11.21400     0.00000     0.00000    -9.81000    -0.98187     0.00000    -4.45669
    11.21500     0.00000     0.00000    -9.81000    -0.97876     0.00000    -4.48841
    11.21600     0.00000     0.00000    -9.81000    -0.97564     0.00000    -4.52018
    11.21700     0.00000     0.00000    -9.81000    -0.97250     0.00000    -4.55200
    11.21800     0.00000     0.00000    -9.81000    -0.96936     0.00000    -4.58387
    11.21900     0.00000     0.00000    -9.81000    -0.96620     0.00000    -4.61579
    11.22000     0.00000     0.00000    -9.81000    -0.96303     0.00000    -4.64773
    11.22100     0.00000     0.00000    -9.81000    -0.95986     0.00000    -4.67974
    11.22200     0.00000     0.00000    -9.81000    -0.95667     0.00000    -4.71179
    11.22300     0.00000     0.00000    -9.81000    -0.95347     0.00000    -4.74388
    11.22400     0.00000     0.00000    -9.81000    -0.95026     0.00000    -4.77602
    11.22500     0.00000     0.00000    -9.81000    -0.94704     0.00000    -4.80819
    11.22600     0.00000     0.00000    -9.81000    -0.94381     0.00000    -4.84042
    11.22700     0.00000     0.00000    -9.81000    -0.94057     0.00000    -4.87267
    11.22800     0.00000     0.00000    -9.81000    -0.93732     0.00000    -4.90496
    11.22900     0.00000     0.00000    -9.81000    -0.93406     0.00000    -4.93728
    11.23000     0.00000     0.00000    -9.81000    -0.93080     0.00000    -4.96963
    11.23100     0.00000     0.00000    -9.81000    -0.92752     0.00000    -5.00203
    11.23200     0.00000     0.00000    -9.81000    -0.92423     0.00000    -5.03446
    11.23300     0.00000     0.00000    -9.81000    -0.92093     0.00000    -5.06691
    11.23400     0.00000     0.00000    -9.81000    -0.91762     0.00000    -5.09939
    11.23500     0.00000     0.00000    -9.81000    -0.91430     0.00000    -5.13190
    11.23600     0.00000     0.00000    -9.81000    -0.91097     0.00000    -5.16445
    11.23700     0.00000     0.00000    -9.81000    -0.90764     0.00000    -5.19701
    11.23800     0.00000     0.00000    -9.81000    -0.90429     0.00000    -5.22961
    11.23900     0.00000     0.00000    -9.81000    -0.90093     0.00000    -5.26222
    11.24000     0.00000     0.00000    -9.81000    -0.89757     0.00000    -5.29486
    11.24100     0.00000     0.00000    -9.81000    -0.89419     0.00000    -5.32751
    11.24200     0.00000     0.00000    -9.81000    -0.89081     0.00000    -5.36020
    11.24300     0.00000     0.00000    -9.81000    -0.88742     0.00000    -5.39287
    11.24400     0.00000     0.00000    -9.81000    -0.88402     0.00000    -5.42561
    11.24500     0.00000     0.00000    -9.81000    -0.88061     0.00000    -5.45833
    11.24600     0.00000     0.00000    -9.81000    -0.87719     0.00000    -5.49108
    11.24700     0.00000     0.00000    -9.81000    -0.87376     0.00000    -5.52384
    11.24800     0.00000     0.00000    -9.81000    -0.87032     0.00000    -5.55660
    11.24900     0.00000     0.00000    -9.81000    -0.86688     0.00000    -5.58939
    11.25000     0.00000     0.00000    -9.81000    -0.86342     0.00000    -5.62217
    11.25100     0.00000     0.00000    -9.81000    -0.85996     0.00000    -5.65498
    11.25200     0.00000     0.00000    -9.81000    -0.85649     0.00000    -5.68779
    11.25300     0.00000     0.00000    -9.81000    -0.85301     0.00000    -5.72060
    11.25400     0.00000     0.00000    -9.81000    -0.84952     0.00000    -5.75343
    11.25500     0.00000     0.00000    -9.81000    -0.84603     0.00000    -5.78624
    11.25600     0.00000     0.00000    -9.81000    -0.84253     0.00000    -5.81907
    11.25700     0.00000     0.00000    -9.81000    -0.83901     0.00000    -5.85191
    11.25800     0.00000     0.00000    -9.81000    -0.83550     0.00000    -5.88473
    11.25900     0.00000     0.00000    -9.81000    -0.83197     0.00000    -5.91755
    11.26000     0.00000     0.00000    -9.81000    -0.82843     0.00000    -5.95039
    11.26100     0.00000     0.00000    -9.81000    -0.82489     0.00000    -5.98319
    11.26200     0.00000     0.00000    -9.81000    -0.82134     0.00000    -6.01602
    11.26300     0.00000     0.00000    -9.81000    -0.81778     0.00000    -6.04883
    11.26400     0.00000     0.00000    -9.81000    -0.81422     0.00000    -6.08164
    11.26500     0.00000     0.00000    -9.81000    -0.81064     0.00000    -6.11443
    11.26600     0.00000     0.00000    -9.81000    -0.80706     0.00000    -6.14722
    11.26700     0.00000     0.00000    -9.81000    -0.80347     0.00000    -6.17999
    11.26800     0.00000     0.00000    -9.81000    -0.79988     0.00000    -6.21275
    11.26900     0.00000     0.00000    -9.81000    -0.79628     0.00000    -6.24549
    11.27000     0.00000     0.00000    -9.81000    -0.79267     0.00000    -6.27822
    11.27100     0.00000     0.00000    -9.81000    -0.78905     0.00000    -6.31095
    11.27200     0.00000     0.00000    -9.81000    -0.78543     0.00000    -6.34364
    11.27300     0.00000     0.00000    -9.81000    -0.78180     0.00000    -6.37632
    11.27400     0.00000     0.00000    -9.81000    -0.77816     0.00000    -6.40898
    11.27500     0.00000     0.00000    -9.81000    -0.77452     0.00000    -6.44161
    11.27600     0.00000     0.00000    -9.81000    -0.77087     0.00000    -6.47423
    11.27700     0.00000     0.00000    -9.81000    -0.76721     0.00000    -6.50684
    11.27800     0.00000     0.00000    -9.81000    -0.76354     0.00000    -6.53942
    11.27900     0.00000     0.00000    -9.81000    -0.75987     0.00000    -6.57194
    11.28000     0.00000     0.00000    -9.81000    -0.75620     0.00000    -6.60446
    11.28100     0.00000     0.00000    -9.81000    -0.75251     0.00000    -6.63695
    11.28200     0.00000     0.00000    -9.81000    -0.74882     0.00000    -6.66941
    11.28300     0.00000     0.00000    -9.81000    -0.74513     0.00000    -6.70184
    11.28400     0.00000     0.00000    -9.81000    -0.74143     0.00000    -6.73424
    11.28500     0.00000     0.00000    -9.81000    -0.73772     0.00000    -6.76659
    11.28600     0.00000     0.00000    -9.81000    -0.73400     0.00000    -6.79892
    11.28700     0.00000     0.00000    -9.81000    -0.73028     0.00000    -6.83122
    11.28800     0.00000     0.00000    -9.81000    -0.72656     0.00000    -6.86347
    11.28900     0.00000     0.00000    -9.81000    -0.72282     0.00000    -6.89568
    11.29000     0.00000     0.00000    -9.81000    -0.71909     0.00000    -6.92787
    11.29100     0.00000     0.00000    -9.81000    -0.71534     0.00000    -6.95999
    11.29200     0.00000     0.00000    -9.81000    -0.71159     0.00000    -6.99209
    11.29300     0.00000     0.00000    -9.81000    -0.70784     0.00000    -7.02413
    11.29400     0.00000     0.00000    -9.81000    -0.70408     0.00000    -7.05615
    11.29500     0.00000     0.00000    -9.81000    -0.70031     0.00000    -7.08809
    11.29600     0.00000     0.00000    -9.81000    -0.69654     0.00000    -7.12002
    11.29700     0.00000     0.00000    -9.81000    -0.69276     0.00000    -7.15187
    11.29800     0.00000     0.00000    -9.81000    -0.68898     0.00000    -7.18368
    11.29900     0.00000     0.00000    -9.81000    -0.68519     0.00000    -7.21545
    11.30000     0.00000     0.00000    -9.81000    -0.68140     0.00000    -7.24715
    11.30100     0.00000     0.00000    -9.81000    -0.67761     0.00000    -7.27881
    11.30200     0.00000     0.00000    -9.81000    -0.67380     0.00000    -7.31042
    11.30300     0.00000     0.00000    -9.81000    -0.67000     0.00000    -7.34196
    11.30400     0.00000     0.00000    -9.81000    -0.66618     0.00000    -7.37345
    11.30500     0.00000     0.00000    -9.81000    -0.66237     0.00000    -7.40488
    11.30600     0.00000     0.00000    -9.81000    -0.65854     0.00000    -7.43626
    11.30700     0.00000     0.00000    -9.81000    -0.65472     0.00000    -7.46756
    11.30800     0.00000     0.00000    -9.81000    -0.65089     0.00000    -7.49881
    11.30900     0.00000     0.00000    -9.81000    -0.64705     0.00000    -7.52999
    11.31000     0.00000     0.00000    -9.81000    -0.64321     0.00000    -7.56113
    11.31100     0.00000     0.00000    -9.81000    -0.63937     0.00000    -7.59216
    11.31200     0.00000     0.00000    -9.81000    -0.63552     0.00000    -7.62317
    11.31300     0.00000     0.00000    -9.81000    -0.63166     0.00000    -7.65411
    11.31400     0.00000     0.00000    -9.81000    -0.62781     0.00000    -7.68495
    11.31500     0.00000     0.00000    -9.81000    -0.62394     0.00000    -7.71572
    11.31600     0.00000     0.00000    -9.81000    -0.62008     0.00000    -7.74645
    11.31700     0.00000     0.00000    -9.81000    -0.61621     0.00000    -7.77707
    11.31800     0.00000     0.00000    -9.81000    -0.61233     0.00000    -7.80765
    11.31900     0.00000     0.00000    -9.81000    -0.60845     0.00000    -7.83813
    11.32000     0.00000     0.00000    -9.81000    -0.60457     0.00000    -7.86854
    11.32100     0.00000     0.00000    -9.81000    -0.60069     0.00000    -7.89888
    11.32200     0.00000     0.00000    -9.81000    -0.59680     0.00000    -7.92914
    11.32300     0.00000     0.00000    -9.81000    -0.59290     0.00000    -7.95933
    11.32400     0.00000     0.00000    -9.81000    -0.58900     0.00000    -7.98943
    11.32500     0.00000     0.00000    -9.81000    -0.58510     0.00000    -8.01944
    11.32600     0.00000     0.00000    -9.81000    -0.58120     0.00000    -8.04936
    11.32700     0.00000     0.00000    -9.81000    -0.57729     0.00000    -8.07922
    11.32800     0.00000     0.00000    -9.81000    -0.57338     0.00000    -8.10898
    11.32900     0.00000     0.00000    -9.81000    -0.56946     0.00000    -8.13866
    11.33000     0.00000     0.00000    -9.81000    -0.56555     0.00000    -8.16824
    11.33100     0.00000     0.00000    -9.81000    -0.56163     0.00000    -8.19775
    11.33200     0.00000     0.00000    -9.81000    -0.55770     0.00000    -8.22716
    11.33300     0.00000     0.00000    -9.81000    -0.55377     0.00000    -8.25647
    11.33400     0.00000     0.00000    -9.81000    -0.54984     0.00000    -8.28571
    11.33500     0.00000     0.00000    -9.81000    -0.54591     0.00000    -8.31483
    11.33600     0.00000     0.00000    -9.81000    -0.54197     0.00000    -8.34387
    11.33700     0.00000     0.00000    -9.81000    -0.53803     0.00000    -8.37280
    11.33800     0.00000     0.00000    -9.81000    -0.53409     0.00000    -8.40166
    11.33900     0.00000     0.00000    -9.81000    -0.53014     0.00000    -8.43041
    11.34000     0.00000     0.00000    -9.81000    -0.52619     0.00000    -8.45905
    11.34100     0.00000     0.00000    -9.81000    -0.52224     0.00000    -8.48759
    11.34200     0.00000     0.00000    -9.81000    -0.51829     0.00000    -8.51605
    11.34300     0.00000     0.00000    -9.81000    -0.51433     0.00000    -8.54439
    11.34400     0.00000     0.00000    -9.81000    -0.51037     0.00000    -8.57262
    11.34500     0.00000     0.00000    -9.81000    -0.50641     0.00000    -8.60076
    11.34600     0.00000     0.00000    -9.81000    -0.50245     0.00000    -8.62882
    11.34700     0.00000     0.00000    -9.81000    -0.49848     0.00000    -8.65674
    11.34800     0.00000     0.00000    -9.81000    -0.49451     0.00000    -8.68456
    11.34900     0.00000     0.00000    -9.81000    -0.49054     0.00000    -8.71227
    11.35000     0.00000     0.00000    -9.81000    -0.48657     0.00000    -8.73989
    11.35100     0.00000     0.00000    -9.81000    -0.48259     0.00000    -8.76737
    11.35200     0.00000     0.00000    -9.81000    -0.47862     0.00000    -8.79474
    11.35300     0.00000     0.00000    -9.81000    -0.47464     0.00000    -8.82202
    11.35400     0.00000     0.00000    -9.81000    -0.47066     0.00000    -8.84916
    11.35500     0.00000     0.00000    -9.81000    -0.46667     0.00000    -8.87621
    11.35600     0.00000     0.00000    -9.81000    -0.46269     0.00000    -8.90313
    11.35700     0.00000     0.00000    -9.81000    -0.45870     0.00000    -8.92995
    11.35800     0.00000     0.00000    -9.81000    -0.45471     0.00000    -8.95664
    11.35900     0.00000     0.00000    -9.81000    -0.45072     0.00000    -8.98321
    11.36000     0.00000     0.00000    -9.81000    -0.44673     0.00000    -9.00968
    11.36100     0.00000     0.00000    -9.81000    -0.44273     0.00000    -9.03601
    11.36200     0.00000     0.00000    -9.81000    -0.43874     0.00000    -9.06221
    11.36300     0.00000     0.00000    -9.81000    -0.43474     0.00000    -9.08831
    11.36400     0.00000     0.00000    -9.81000    -0.43074     0.00000    -9.11427
    11.36500     0.00000     0.00000    -9.81000    -0.42674     0.00000    -9.14012
    11.36600     0.00000     0.00000    -9.81000    -0.42274     0.00000    -9.16583
    11.36700     0.00000     0.00000    -9.81000    -0.41874     0.00000    -9.19142
    11.36800     0.00000     0.00000    -9.81000    -0.41473     0.00000    -9.21691
    11.36900     0.00000     0.00000    -9.81000    -0.41073     0.00000    -9.24224
    11.37000     0.00000     0.00000    -9.81000    -0.40672     0.00000    -9.26746
    11.37100     0.00000     0.00000    -9.81000    -0.40271     0.00000    -9.29254
    11.37200     0.00000     0.00000    -9.81000    -0.39870     0.00000    -9.31749
    11.37300     0.00000     0.00000    -9.81000    -0.39469     0.00000    -9.34232
    11.37400     0.00000     0.00000    -9.81000    -0.39068     0.00000    -9.36700
    11.37500     0.00000     0.00000    -9.81000    -0.38667     0.00000    -9.39155
    11.37600     0.00000     0.00000    -9.81000    -0.38265     0.00000    -9.41597
    11.37700     0.00000     0.00000    -9.81000    -0.37864     0.00000    -9.44025
    11.37800     0.00000     0.00000    -9.81000    -0.37463     0.00000    -9.46441
    11.37900     0.00000     0.00000    -9.81000    -0.37061     0.00000    -9.48845
    11.38000     0.00000     0.00000    -9.81000    -0.36659     0.00000    -9.51232
    11.38100     0.00000     0.00000    -9.81000    -0.36258     0.00000    -9.53606
    11.38200     0.00000     0.00000    -9.81000    -0.35856     0.00000    -9.55968
    11.38300     0.00000     0.00000    -9.81000    -0.35454     0.00000    -9.58315
    11.38400     0.00000     0.00000    -9.81000    -0.35052     0.00000    -9.60649
    11.38500     0.00000     0.00000    -9.81000    -0.34650     0.00000    -9.62968
    11.38600     0.00000     0.00000    -9.81000    -0.34248     0.00000    -9.65271
    11.38700     0.00000     0.00000    -9.81000    -0.33846     0.00000    -9.67562
    11.38800     0.00000     0.00000    -9.81000    -0.33444     0.00000    -9.69838
    11.38900     0.00000     0.00000    -9.81000    -0.33042     0.00000    -9.72100
    11.39000     0.00000     0.00000    -9.81000    -0.32640     0.00000    -9.74348
    11.39100     0.00000     0.00000    -9.81000    -0.32238     0.00000    -9.76582
    11.39200     0.00000     0.00000    -9.81000    -0.31836     0.00000    -9.78801
    11.39300     0.00000     0.00000    -9.81000    -0.31434     0.00000    -9.81004
    11.39400     0.00000     0.00000    -9.81000    -0.31031     0.00000    -9.83192
    11.39500     0.00000     0.00000    -9.81000    -0.30629     0.00000    -9.85368
    11.39600     0.00000     0.00000    -9.81000    -0.30227     0.00000    -9.87529
    11.39700     0.00000     0.00000    -9.81000    -0.29825     0.00000    -9.89673
    11.39800     0.00000     0.00000    -9.81000    -0.29423     0.00000    -9.91804
    11.39900     0.00000     0.00000    -9.81000    -0.29020     0.00000    -9.93917
    11.40000     0.00000     0.00000    -9.81000    -0.28618     0.00000    -9.96019
    11.40100     0.00000     0.00000    -9.81000    -0.28216     0.00000    -9.98104
    11.40200     0.00000     0.00000    -9.81000    -0.27814     0.00000   -10.00173
    11.40300     0.00000     0.00000    -9.81000    -0.27412     0.00000   -10.02229
    11.40400     0.00000     0.00000    -9.81000    -0.27010     0.00000   -10.04267
    11.40500     0.00000     0.00000    -9.81000    -0.26608     0.00000   -10.06291
    11.40600     0.00000     0.00000    -9.81000    -0.26206     0.00000   -10.08301
    11.40700     0.00000     0.00000    -9.81000    -0.25804     0.00000   -10.10293
    11.40800     0.00000     0.00000    -9.81000    -0.25402     0.00000   -10.12271
    11.40900     0.00000     0.00000    -9.81000    -0.25000     0.00000   -10.14233
    11.41000     0.00000     0.00000    -9.81000    -0.24598     0.00000   -10.16180
    11.41100     0.00000     0.00000    -9.81000    -0.24197     0.00000   -10.18110
    11.41200     0.00000     0.00000    -9.81000    -0.23795     0.00000   -10.20024
    11.41300     0.00000     0.00000    -9.81000    -0.23393     0.00000   -10.21923
    11.41400     0.00000     0.00000    -9.81000    -0.22992     0.00000   -10.23810
    11.41500     0.00000     0.00000    -9.81000    -0.22590     0.00000   -10.25676
    11.41600     0.00000     0.00000    -9.81000    -0.22189     0.00000   -10.27528
    11.41700     0.00000     0.00000    -9.81000    -0.21788     0.00000   -10.29363
    11.41800     0.00000     0.00000    -9.81000    -0.21387     0.00000   -10.31184
    11.41900     0.00000     0.00000    -9.81000    -0.20985     0.00000   -10.32988
    11.42000     0.00000     0.00000    -9.81000    -0.20584     0.00000   -10.34777
    11.42100     0.00000     0.00000    -9.81000    -0.20183     0.00000   -10.36548
    11.42200     0.00000     0.00000    -9.81000    -0.19783     0.00000   -10.38304
    11.42300     0.00000     0.00000    -9.81000    -0.19382     0.00000   -10.40044
    11.42400     0.00000     0.00000    -9.81000    -0.18981     0.00000   -10.41767
    11.42500     0.00000     0.00000    -9.81000    -0.18581     0.00000   -10.43475
    11.42600     0.00000     0.00000    -9.81000    -0.18180     0.00000   -10.45166
    11.42700     0.00000     0.00000    -9.81000    -0.17780     0.00000   -10.46839
    11.42800     0.00000     0.00000    -9.81000    -0.17380     0.00000   -10.48498
    11.42900     0.00000     0.00000    -9.81000    -0.16980     0.00000   -10.50140
    11.43000     0.00000     0.00000    -9.81000    -0.16580     0.00000   -10.51764
    11.43100     0.00000     0.00000    -9.81000    -0.16180     0.00000   -10.53373
    11.43200     0.00000     0.00000    -9.81000    -0.15781     0.00000   -10.54966
    11.43300     0.00000     0.00000    -9.81000    -0.15381     0.00000   -10.56542
    11.43400     0.00000     0.00000    -9.81000    -0.14982     0.00000   -10.58102
    11.43500     0.00000     0.00000    -9.81000    -0.14583     0.00000   -10.59644
    11.43600     0.00000     0.00000    -9.81000    -0.14184     0.00000   -10.61171
    11.43700     0.00000     0.00000    -9.81000    -0.13785     0.00000   -10.62679
    11.43800     0.00000     0.00000    -9.81000    -0.13386     0.00000   -10.64172
    11.43900     0.00000     0.00000    -9.81000    -0.12988     0.00000   -10.65648
    11.44000     0.00000     0.00000    -9.81000    -0.12589     0.00000   -10.67108
    11.44100     0.00000     0.00000    -9.81000    -0.12191     0.00000   -10.68550
    11.44200     0.00000     0.00000    -9.81000    -0.11793     0.00000   -10.69976
    11.44300     0.00000     0.00000    -9.81000    -0.11395     0.00000   -10.71387
    11.44400     0.00000     0.00000    -9.81000    -0.10998     0.00000   -10.72779
    11.44500     0.00000     0.00000    -9.81000    -0.10600     0.00000   -10.74155
    11.44600     0.00000     0.00000    -9.81000    -0.10203     0.00000   -10.75512
    11.44700     0.00000     0.00000    -9.81000    -0.09806     0.00000   -10.76855
    11.44800     0.00000     0.00000    -9.81000    -0.09409     0.00000   -10.78179
    11.44900     0.00000     0.00000    -9.81000    -0.09012     0.00000   -10.79487
    11.45000     0.00000     0.00000    -9.81000    -0.08615     0.00000   -10.80779
    11.45100     0.00000     0.00000    -9.81000    -0.08219     0.00000   -10.82052
    11.45200     0.00000     0.00000    -9.81000    -0.07823     0.00000   -10.83308
    11.45300     0.00000     0.00000    -9.81000    -0.07427     0.00000   -10.84549
    11.45400     0.00000     0.00000    -9.81000    -0.07031     0.00000   -10.85771
    11.45500     0.00000     0.00000    -9.81000    -0.06635     0.00000   -10.86978
    11.45600     0.00000     0.00000    -9.81000    -0.06240     0.00000   -10.88166
    11.45700     0.00000     0.00000    -9.81000    -0.05845     0.00000   -10.89338
    11.45800     0.00000     0.00000    -9.81000    -0.05450     0.00000   -10.90491
    11.45900     0.00000     0.00000    -9.81000    -0.05055     0.00000   -10.91631
    11.46000     0.00000     0.00000    -9.81000    -0.04661     0.00000   -10.92749
    11.46100     0.00000     0.00000    -9.81000    -0.04267     0.00000   -10.93853
    11.46200     0.00000     0.00000    -9.81000    -0.03873     0.00000   -10.94940
    11.46300     0.00000     0.00000    -9.81000    -0.03479     0.00000   -10.96008
    11.46400     0.00000     0.00000    -9.81000    -0.03085     0.00000   -10.97060
    11.46500     0.00000     0.00000    -9.81000    -0.02692     0.00000   -10.98095
    11.46600     0.00000     0.00000    -9.81000    -0.02299     0.00000   -10.99111
    11.46700     0.00000     0.00000    -9.81000    -0.01906     0.00000   -11.00113
    11.46800     0.00000     0.00000    -9.81000    -0.01514     0.00000   -11.01096
    11.46900     0.00000     0.00000    -9.81000    -0.01121     0.00000   -11.02062
    11.47000     0.00000     0.00000    -9.81000    -0.00729     0.00000   -11.03010
    11.47100     0.00000     0.00000    -9.81000    -0.00337     0.00000   -11.03941
    11.47200     0.00000     0.00000    -9.81000     0.00054     0.00000   -11.04856
    11.47300     0.00000     0.00000    -9.81000     0.00446     0.00000   -11.05754
    11.47400     0.00000     0.00000    -9.81000     0.00837     0.00000   -11.06632
    11.47500     0.00000     0.00000    -9.81000     0.01227     0.00000   -11.07495
    11.47600     0.00000     0.00000    -9.81000     0.01618     0.00000   -11.08340
    11.47700     0.00000     0.00000    -9.81000     0.02008     0.00000   -11.09167
    11.47800     0.00000     0.00000    -9.81000     0.02398     0.00000   -11.09976
    11.47900     0.00000     0.00000    -9.81000     0.02788     0.00000   -11.10770
    11.48000     0.00000     0.00000    -9.81000     0.03177     0.00000   -11.11545
    11.48100     0.00000     0.00000    -9.81000     0.03567     0.00000   -11.12302
    11.48200     0.00000     0.00000    -9.81000     0.03955     0.00000   -11.13044
    11.48300     0.00000     0.00000    -9.81000     0.04344     0.00000   -11.13767
    11.48400     0.00000     0.00000    -9.81000     0.04732     0.00000   -11.14472
    11.48500     0.00000     0.00000    -9.81000     0.05121     0.00000   -11.15160
    11.48600     0.00000     0.00000    -9.81000     0.05508     0.00000   -11.15831
    11.48700     0.00000     0.00000    -9.81000     0.05896     0.00000   -11.16485
    11.48800     0.00000     0.00000    -9.81000     0.06283     0.00000   -11.17119
    11.48900     0.00000     0.00000    -9.81000     0.06670     0.00000   -11.17737
    11.49000     0.00000     0.00000    -9.81000     0.07057     0.00000   -11.18339
    11.49100     0.00000     0.00000    -9.81000     0.07443     0.00000   -11.18922
    11.49200     0.00000     0.00000    -9.81000     0.07829     0.00000   -11.19488
    11.49300     0.00000     0.00000    -9.81000     0.08215     0.00000   -11.20037
    11.49400     0.00000     0.00000    -9.81000     0.08600     0.00000   -11.20566
    11.49500     0.00000     0.00000    -9.81000     0.08985     0.00000   -11.21080
    11.49600     0.00000     0.00000    -9.81000     0.09370     0.00000   -11.21574
    11.49700     0.00000     0.00000    -9.81000     0.09755     0.00000   -11.22052
    11.49800     0.00000     0.00000    -9.81000     0.10139     0.00000   -11.22511
    11.49900     0.00000     0.00000    -9.81000     0.10523     0.00000   -11.22954
    11.50000     0.00000     0.00000    -9.81000     0.10906     0.00000   -11.23378
    11.50100     0.00000     0.00000    -9.81000     0.11290     0.00000   -11.23786
    11.50200     0.00000     0.00000    -9.81000     0.11673     0.00000   -11.24174
    11.50300     0.00000     0.00000    -9.81000     0.12055     0.00000   -11.24545
    11.50400     0.00000     0.00000    -9.81000     0.12438     0.00000   -11.24901
    11.50500     0.00000     0.00000    -9.81000     0.12820     0.00000   -11.25235
    11.50600     0.00000     0.00000    -9.81000     0.13202     0.00000   -11.25551
    11.50700     0.00000     0.00000    -9.81000     0.13583     0.00000   -11.25852
    11.50800     0.00000     0.00000    -9.81000     0.13964     0.00000   -11.26134
    11.50900     0.00000     0.00000    -9.81000     0.14345     0.00000   -11.26399
    11.51000     0.00000     0.00000    -9.81000     0.14725     0.00000   -11.26643
    11.51100     0.00000     0.00000    -9.81000     0.15105     0.00000   -11.26871
    11.51200     0.00000     0.00000    -9.81000     0.15485     0.00000   -11.27080
    11.51300     0.00000     0.00000    -9.81000     0.15865     0.00000   -11.27273
    11.51400     0.00000     0.00000    -9.81000     0.16244     0.00000   -11.27446
    11.51500     0.00000     0.00000    -9.81000     0.16623     0.00000   -11.27602
    11.51600     0.00000     0.00000    -9.81000     0.17001     0.00000   -11.27740
    11.51700     0.00000     0.00000    -9.81000     0.17380     0.00000   -11.27859
    11.51800     0.00000     0.00000    -9.81000     0.17757     0.00000   -11.27959
    11.51900     0.00000     0.00000    -9.81000     0.18135     0.00000   -11.28043
    11.52000     0.00000     0.00000    -9.81000     0.18512     0.00000   -11.28107
    11.52100     0.00000     0.00000    -9.81000     0.18889     0.00000   -11.28152
    11.52200     0.00000     0.00000    -9.81000     0.19266     0.00000   -11.28180
    11.52300     0.00000     0.00000    -9.81000     0.19642     0.00000   -11.28188
    11.52400     0.00000     0.00000    -9.81000     0.20018     0.00000   -11.28179
    11.52500     0.00000     0.00000    -9.81000     0.20393     0.00000   -11.28150
    11.52600     0.00000     0.00000    -9.81000     0.20769     0.00000   -11.28105
    11.52700     0.00000     0.00000    -9.81000     0.21143     0.00000   -11.28039
    11.52800     0.00000     0.00000    -9.81000     0.21518     0.00000   -11.27955
    11.52900     0.00000     0.00000    -9.81000     0.21892     0.00000   -11.27851
    11.53000     0.00000     0.00000    -9.81000     0.22266     0.00000   -11.27731
    11.53100     0.00000     0.00000    -9.81000     0.22640     0.00000   -11.27590
    11.53200     0.00000     0.00000    -9.81000     0.23013     0.00000   -11.27430
    11.53300     0.00000     0.00000    -9.81000     0.23386     0.00000   -11.27252
    11.53400     0.00000     0.00000    -9.81000     0.23759     0.00000   -11.27055
    11.53500     0.00000     0.00000    -9.81000     0.24131     0.00000   -11.26838
    11.53600     0.00000     0.00000    -9.81000     0.24503     0.00000   -11.26602
    11.53700     0.00000     0.00000    -9.81000     0.24874     0.00000   -11.26347
    11.53800     0.00000     0.00000    -9.81000     0.25246     0.00000   -11.26072
    11.53900     0.00000     0.00000    -9.81000     0.25616     0.00000   -11.25778
    11.54000     0.00000     0.00000    -9.81000     0.25987     0.00000   -11.25466
    11.54100     0.00000     0.00000    -9.81000     0.26357     0.00000   -11.25132
    11.54200     0.00000     0.00000    -9.81000     0.26727     0.00000   -11.24778
    11.54300     0.00000     0.00000    -9.81000     0.27097     0.00000   -11.24408
    11.54400     0.00000     0.00000    -9.81000     0.27466     0.00000   -11.24015
    11.54500     0.00000     0.00000    -9.81000     0.27835     0.00000   -11.23603
    11.54600     0.00000     0.00000    -9.81000     0.28204     0.00000   -11.23172
    11.54700     0.00000     0.00000    -9.81000     0.28572     0.00000   -11.22720
    11.54800     0.00000     0.00000    -9.81000     0.28940     0.00000   -11.22248
    11.54900     0.00000     0.00000    -9.81000     0.29308     0.00000   -11.21755
    11.55000     0.00000     0.00000    -9.81000     0.29675     0.00000   -11.21242
    11.55100     0.00000     0.00000    -9.81000     0.30042     0.00000   -11.20710
    11.55200     0.00000     0.00000    -9.81000     0.30409     0.00000   -11.20157
    11.55300     0.00000     0.00000    -9.81000     0.30775     0.00000   -11.19584
    11.55400     0.00000     0.00000    -9.81000     0.31141     0.00000   -11.18989
    11.55500     0.00000     0.00000    -9.81000     0.31507     0.00000   -11.18373
    11.55600     0.00000     0.00000    -9.81000     0.31872     0.00000   -11.17739
    11.55700     0.00000     0.00000    -9.81000     0.32237     0.00000   -11.17081
    11.55800     0.00000     0.00000    -9.81000     0.32602     0.00000   -11.16402
    11.55900     0.00000     0.00000    -9.81000     0.32966     0.00000   -11.15704
    11.56000     0.00000     0.00000    -9.81000     0.33330     0.00000   -11.14984
    11.56100     0.00000     0.00000    -9.81000     0.33694     0.00000   -11.14241
    11.56200     0.00000     0.00000    -9.81000     0.34058     0.00000   -11.13478
    11.56300     0.00000     0.00000    -9.81000     0.34421     0.00000   -11.12693
    11.56400     0.00000     0.00000    -9.81000     0.34784     0.00000   -11.11887
    11.56500     0.00000     0.00000    -9.81000     0.35146     0.00000   -11.11059
    11.56600     0.00000     0.00000    -9.81000     0.35509     0.00000   -11.10209
    11.56700     0.00000     0.00000    -9.81000     0.35871     0.00000   -11.09336
    11.56800     0.00000     0.00000    -9.81000     0.36232     0.00000   -11.08440
    11.56900     0.00000     0.00000    -9.81000     0.36594     0.00000   -11.07523
    11.57000     0.00000     0.00000    -9.81000     0.36955     0.00000   -11.06584
    11.57100     0.00000     0.00000    -9.81000     0.37315     0.00000   -11.05622
    11.57200     0.00000     0.00000    -9.81000     0.37676     0.00000   -11.04637
    11.57300     0.00000     0.00000    -9.81000     0.38036     0.00000   -11.03631
    11.57400     0.00000     0.00000    -9.81000     0.38396     0.00000   -11.02599
    11.57500     0.00000     0.00000    -9.81000     0.38755     0.00000   -11.01547
    11.57600     0.00000     0.00000    -9.81000     0.39115     0.00000   -11.00469
    11.57700     0.00000     0.00000    -9.81000     0.39474     0.00000   -10.99370
    11.57800     0.00000     0.00000    -9.81000     0.39832     0.00000   -10.98246
    11.57900     0.00000     0.00000    -9.81000     0.40191     0.00000   -10.97098
    11.58000     0.00000     0.00000    -9.81000     0.40549     0.00000   -10.95928
    11.58100     0.00000     0.00000    -9.81000     0.40907     0.00000   -10.94732
    11.58200     0.00000     0.00000    -9.81000     0.41265     0.00000   -10.93513
    11.58300     0.00000     0.00000    -9.81000     0.41622     0.00000   -10.92270
    11.58400     0.00000     0.00000    -9.81000     0.41979     0.00000   -10.91001
    11.58500     0.00000     0.00000    -9.81000     0.42336     0.00000   -10.89708
    11.58600     0.00000     0.00000    -9.81000     0.42692     0.00000   -10.88391
    11.58700     0.00000     0.00000    -9.81000     0.43049     0.00000   -10.87049
    11.58800     0.00000     0.00000    -9.81000     0.43405     0.00000   -10.85681
    11.58900     0.00000     0.00000    -9.81000     0.43760     0.00000   -10.84290
    11.59000     0.00000     0.00000    -9.81000     0.44116     0.00000   -10.82873
    11.59100     0.00000     0.00000    -9.81000     0.44471     0.00000   -10.81429
    11.59200     0.00000     0.00000    -9.81000     0.44826     0.00000   -10.79961
    11.59300     0.00000     0.00000    -9.81000     0.45181     0.00000   -10.78467
    11.59400     0.00000     0.00000    -9.81000     0.45536     0.00000   -10.76947
    11.59500     0.00000     0.00000    -9.81000     0.45890     0.00000   -10.75400
    11.59600     0.00000     0.00000    -9.81000     0.46244     0.00000   -10.73827
    11.59700     0.00000     0.00000    -9.81000     0.46598     0.00000   -10.72228
    11.59800     0.00000     0.00000    -9.81000     0.46951     0.00000   -10.70603
    11.59900     0.00000     0.00000    -9.81000     0.47305     0.00000   -10.68951
    11.60000     0.00000     0.00000    -9.81000     0.47658     0.00000   -10.67271
    11.60100     0.00000     0.00000    -9.81000     0.48011     0.00000   -10.65564
    11.60200     0.00000     0.00000    -9.81000     0.48363     0.00000   -10.63829
    11.60300     0.00000     0.00000    -9.81000     0.48716     0.00000   -10.62070
    11.60400     0.00000     0.00000    -9.81000     0.49068     0.00000   -10.60279
    11.60500     0.00000     0.00000    -9.81000     0.49420     0.00000   -10.58464
    11.60600     0.00000     0.00000    -9.81000     0.49772     0.00000   -10.56619
    11.60700     0.00000     0.00000    -9.81000     0.50123     0.00000   -10.54745
    11.60800     0.00000     0.00000    -9.81000     0.50475     0.00000   -10.52845
    11.60900     0.00000     0.00000    -9.81000     0.50826     0.00000   -10.50914
    11.61000     0.00000     0.00000    -9.81000     0.51177     0.00000   -10.48956
    11.61100     0.00000     0.00000    -9.81000     0.51528     0.00000   -10.46971
    11.61200     0.00000     0.00000    -9.81000     0.51879     0.00000   -10.44953
    11.61300     0.00000     0.00000    -9.81000     0.52229     0.00000   -10.42909
    11.61400     0.00000     0.00000    -9.81000     0.52579     0.00000   -10.40834
    11.61500     0.00000     0.00000    -9.81000     0.52930     0.00000   -10.38730
    11.61600     0.00000     0.00000    -9.81000     0.53279     0.00000   -10.36596
    11.61700     0.00000     0.00000    -9.81000     0.53629     0.00000   -10.34432
    11.61800     0.00000     0.00000    -9.81000     0.53979     0.00000   -10.32239
    11.61900     0.00000     0.00000    -9.81000     0.54328     0.00000   -10.30014
    11.62000     0.00000     0.00000    -9.81000     0.54678     0.00000   -10.27760
    11.62100     0.00000     0.00000    -9.81000     0.55027     0.00000   -10.25474
    11.62200     0.00000     0.00000    -9.81000     0.55376     0.00000   -10.23158
    11.62300     0.00000     0.00000    -9.81000     0.55724     0.00000   -10.20813
    11.62400     0.00000     0.00000    -9.81000     0.56073     0.00000   -10.18434
    11.62500     0.00000     0.00000    -9.81000     0.56422     0.00000   -10.16026
    11.62600     0.00000     0.00000    -9.81000     0.56770     0.00000   -10.13586
    11.62700     0.00000     0.00000    -9.81000     0.57118     0.00000   -10.11112
    11.62800     0.00000     0.00000    -9.81000     0.57466     0.00000   -10.08609
    11.62900     0.00000     0.00000    -9.81000     0.57814     0.00000   -10.06074
    11.63000     0.00000     0.00000    -9.81000     0.58162     0.00000   -10.03506
    11.63100     0.00000     0.00000    -9.81000     0.58510     0.00000   -10.00905
    11.63200     0.00000     0.00000    -9.81000     0.58858     0.00000    -9.98274
    11.63300     0.00000     0.00000    -9.81000     0.59205     0.00000    -9.95608
    11.63400     0.00000     0.00000    -9.81000     0.59552     0.00000    -9.92910
    11.63500     0.00000     0.00000    -9.81000     0.59900     0.00000    -9.90180
    11.63600     0.00000     0.00000    -9.81000     0.60247     0.00000    -9.87416
    11.63700     0.00000     0.00000    -9.81000     0.60594     0.00000    -9.84621
    11.63800     0.00000     0.00000    -9.81000     0.60941     0.00000    -9.81790
    11.63900     0.00000     0.00000    -9.81000     0.61288     0.00000    -9.78927
    11.64000     0.00000     0.00000    -9.81000     0.61634     0.00000    -9.76030
    11.64100     0.00000     0.00000    -9.81000     0.61981     0.00000    -9.73100
    11.64200     0.00000     0.00000    -9.81000     0.62328     0.00000    -9.70136
    11.64300     0.00000     0.00000    -9.81000     0.62674     0.00000    -9.67137
    11.64400     0.00000     0.00000    -9.81000     0.63020     0.00000    -9.64105
    11.64500     0.00000     0.00000    -9.81000     0.63367     0.00000    -9.61037
    11.64600     0.00000     0.00000    -9.81000     0.63713     0.00000    -9.57936
    11.64700     0.00000     0.00000    -9.81000     0.64059     0.00000    -9.54801
    11.64800     0.00000     0.00000    -9.81000     0.64405     0.00000    -9.51630
    11.64900     0.00000     0.00000    -9.81000     0.64751     0.00000    -9.48425
    11.65000     0.00000     0.00000    -9.81000     0.65097     0.00000    -9.45184
    11.65100     0.00000     0.00000    -9.81000     0.65443     0.00000    -9.41909
    11.65200     0.00000     0.00000    -9.81000     0.65789     0.00000    -9.38598
    11.65300     0.00000     0.00000    -9.81000     0.66135     0.00000    -9.35253
    11.65400     0.00000     0.00000    -9.81000     0.66480     0.00000    -9.31874
    11.65500     0.00000     0.00000    -9.81000     0.66826     0.00000    -9.28456
    11.65600     0.00000     0.00000    -9.81000     0.67171     0.00000    -9.25005
    11.65700     0.00000     0.00000    -9.81000     0.67517     0.00000    -9.21518
    11.65800     0.00000     0.00000    -9.81000     0.67862     0.00000    -9.17996
    11.65900     0.00000     0.00000    -9.81000     0.68208     0.00000    -9.14439
    11.66000     0.00000     0.00000    -9.81000     0.68553     0.00000    -9.10843
    11.66100     0.00000     0.00000    -9.81000     0.68898     0.00000    -9.07213
    11.66200     0.00000     0.00000    -9.81000     0.69244     0.00000    -9.03548
    11.66300     0.00000     0.00000    -9.81000     0.69589     0.00000    -8.99847
    11.66400     0.00000     0.00000    -9.81000     0.69934     0.00000    -8.96107
    11.66500     0.00000     0.00000    -9.81000     0.70279     0.00000    -8.92334
    11.66600     0.00000     0.00000    -9.81000     0.70624     0.00000    -8.88525
    11.66700     0.00000     0.00000    -9.81000     0.70969     0.00000    -8.84679
    11.66800     0.00000     0.00000    -9.81000     0.71314     0.00000    -8.80797
    11.66900     0.00000     0.00000    -9.81000     0.71659     0.00000    -8.76879
    11.67000     0.00000     0.00000    -9.81000     0.72004     0.00000    -8.72923
    11.67100     0.00000     0.00000    -9.81000     0.72349     0.00000    -8.68934
    11.67200     0.00000     0.00000    -9.81000     0.72694     0.00000    -8.64908
    11.67300     0.00000     0.00000    -9.81000     0.73039     0.00000    -8.60843
    11.67400     0.00000     0.00000    -9.81000     0.73383     0.00000    -8.56743
    11.67500     0.00000     0.00000    -9.81000     0.73728     0.00000    -8.52608
    11.67600     0.00000     0.00000    -9.81000     0.74073     0.00000    -8.48438
    11.67700     0.00000     0.00000    -9.81000     0.74418     0.00000    -8.44231
    11.67800     0.00000     0.00000    -9.81000     0.74762     0.00000    -8.39985
    11.67900     0.00000     0.00000    -9.81000     0.75107     0.00000    -8.35705
    11.68000     0.00000     0.00000    -9.81000     0.75451     0.00000    -8.31391
    11.68100     0.00000     0.00000    -9.81000     0.75796     0.00000    -8.27037
    11.68200     0.00000     0.00000    -9.81000     0.76140     0.00000    -8.22652
    11.68300     0.00000     0.00000    -9.81000     0.76484     0.00000    -8.18229
    11.68400     0.00000     0.00000    -9.81000     0.76829     0.00000    -8.13770
    11.68500     0.00000     0.00000    -9.81000     0.77173     0.00000    -8.09274
    11.68600     0.00000     0.00000    -9.81000     0.77517     0.00000    -8.04746
    11.68700     0.00000     0.00000    -9.81000     0.77861     0.00000    -8.00180
    11.68800     0.00000     0.00000    -9.81000     0.78205     0.00000    -7.95580
    11.68900     0.00000     0.00000    -9.81000     0.78549     0.00000    -7.90944
    11.69000     0.00000     0.00000    -9.81000     0.78893     0.00000    -7.86274
    11.69100     0.00000     0.00000    -9.81000     0.79237     0.00000    -7.81567
    11.69200     0.00000     0.00000    -9.81000     0.79581     0.00000    -7.76829
    11.69300     0.00000     0.00000    -9.81000     0.79925     0.00000    -7.72054
    11.69400     0.00000     0.00000    -9.81000     0.80269     0.00000    -7.67245
    11.69500     0.00000     0.00000    -9.81000     0.80612     0.00000    -7.62402
    11.69600     0.00000     0.00000    -9.81000     0.80956     0.00000    -7.57525
    11.69700     0.00000     0.00000    -9.81000     0.81299     0.00000    -7.52615
    11.69800     0.00000     0.00000    -9.81000     0.81642     0.00000    -7.47670
    11.69900     0.00000     0.00000    -9.81000     0.81985     0.00000    -7.42692
    11.70000     0.00000     0.00000    -9.81000     0.82328     0.00000    -7.37681
    11.70100     0.00000     0.00000    -9.81000     0.82671     0.00000    -7.32639
    11.70200     0.00000     0.00000    -9.81000     0.83014     0.00000    -7.27562
    11.70300     0.00000     0.00000    -9.81000     0.83357     0.00000    -7.22454
    11.70400     0.00000     0.00000    -9.81000     0.83699     0.00000    -7.17314
    11.70500     0.00000     0.00000    -9.81000     0.84042     0.00000    -7.12143
    11.70600     0.00000     0.00000    -9.81000     0.84384     0.00000    -7.06939
    11.70700     0.00000     0.00000    -9.81000     0.84726     0.00000    -7.01703
    11.70800     0.00000     0.00000    -9.81000     0.85068     0.00000    -6.96438
    11.70900     0.00000     0.00000    -9.81000     0.85409     0.00000    -6.91143
    11.71000     0.00000     0.00000    -9.81000     0.85751     0.00000    -6.85816
    11.71100     0.00000     0.00000    -9.81000     0.86092     0.00000    -6.80461
    11.71200     0.00000     0.00000    -9.81000     0.86433     0.00000    -6.75075
    11.71300     0.00000     0.00000    -9.81000     0.86774     0.00000    -6.69662
    11.71400     0.00000     0.00000    -9.81000     0.87115     0.00000    -6.64217
    11.71500     0.00000     0.00000    -9.81000     0.87455     0.00000    -6.58747
    11.71600     0.00000     0.00000    -9.81000     0.87795     0.00000    -6.53248
    11.71700     0.00000     0.00000    -9.81000     0.88135     0.00000    -6.47721
    11.71800     0.00000     0.00000    -9.81000     0.88475     0.00000    -6.42168
    11.71900     0.00000     0.00000    -9.81000     0.88814     0.00000    -6.36588
    11.72000     0.00000     0.00000    -9.81000     0.89153     0.00000    -6.30982
    11.72100     0.00000     0.00000    -9.81000     0.89492     0.00000    -6.25351
    11.72200     0.00000     0.00000    -9.81000     0.89830     0.00000    -6.19695
    11.72300     0.00000     0.00000    -9.81000     0.90168     0.00000    -6.14014
    11.72400     0.00000     0.00000    -9.81000     0.90506     0.00000    -6.08309
    11.72500     0.00000     0.00000    -9.81000     0.90844     0.00000    -6.02579
    11.72600     0.00000     0.00000    -9.81000     0.91181     0.00000    -5.96828
    11.72700     0.00000     0.00000    -9.81000     0.91517     0.00000    -5.91053
    11.72800     0.00000     0.00000    -9.81000     0.91853     0.00000    -5.85257
    11.72900     0.00000     0.00000    -9.81000     0.92189     0.00000    -5.79440
    11.73000     0.00000     0.00000    -9.81000     0.92524     0.00000    -5.73602
    11.73100     0.00000     0.00000    -9.81000     0.92859     0.00000    -5.67745
    11.73200     0.00000     0.00000    -9.81000     0.93194     0.00000    -5.61867
    11.73300     0.00000     0.00000    -9.81000     0.93528     0.00000    -5.55971
    11.73400     0.00000     0.00000    -9.81000     0.93861     0.00000    -5.50056
    11.73500     0.00000     0.00000    -9.81000     0.94194     0.00000    -5.44125
    11.73600     0.00000     0.00000    -9.81000     0.94526     0.00000    -5.38176
    11.73700     0.00000     0.00000    -9.81000     0.94858     0.00000    -5.32211
    11.73800     0.00000     0.00000    -9.81000     0.95189     0.00000    -5.26231
    11.73900     0.00000     0.00000    -9.81000     0.95519     0.00000    -5.20235
    11.74000     0.00000     0.00000    -9.81000     0.95849     0.00000    -5.14227
    11.74100     0.00000     0.00000    -9.81000     0.96179     0.00000    -5.08205
    11.74200     0.00000     0.00000    -9.81000     0.96507     0.00000    -5.02170
    11.74300     0.00000     0.00000    -9.81000     0.96835     0.00000    -4.96123
    11.74400     0.00000     0.00000    -9.81000     0.97162     0.00000    -4.90065
    11.74500     0.00000     0.00000    -9.81000     0.97489     0.00000    -4.83997
    11.74600     0.00000     0.00000    -9.81000     0.97815     0.00000    -4.77920
    11.74700     0.00000     0.00000    -9.81000     0.98140     0.00000    -4.71835
