    11.01900     0.00000    -0.28640    -0.01580     0.00000     0.03944     0.01691     0.00000    -0.04321     0.00000     0.12644
    11.02000     0.00000    -0.28652    -0.01551     0.00000     0.03970     0.01691     0.00000    -0.04322     0.00000     0.12637
    11.02100     0.00000    -0.28663    -0.01521     0.00000     0.03995     0.01692     0.00000    -0.04323     0.00000     0.12629
    11.02200     0.00000    -0.28673    -0.01492     0.00000     0.04020     0.01693     0.00000    -0.04324     0.00000     0.12621
    11.02300     0.00000    -0.28683    -0.01463     0.00000     0.04045     0.01694     0.00000    -0.04325     0.00000     0.12613
    11.02400     0.00000    -0.28692    -0.01433     0.00000     0.04070     0.01695     0.00000    -0.04326     0.00000     0.12604
    11.02500     0.00000    -0.28700    -0.01404     0.00000     0.04095     0.01696     0.00000    -0.04327     0.00000     0.12594
    11.02600     0.00000    -0.28708    -0.01374     0.00000     0.04120     0.01697     0.00000    -0.04328     0.00000     0.12584
    11.02700     0.00000    -0.28716    -0.01345     0.00000     0.04145     0.01698     0.00000    -0.04330     0.00000     0.12573
    11.02800     0.00000    -0.28723    -0.01315     0.00000     0.04170     0.01700     0.00000    -0.04331     0.00000     0.12562
    11.02900     0.00000    -0.28730    -0.01286     0.00000     0.04195     0.01701     0.00000    -0.04332     0.00000     0.12550
    11.03000     0.00000    -0.28736    -0.01256     0.00000     0.04219     0.01702     0.00000    -0.04333     0.00000     0.12538
    11.03100     0.00000    -0.28741    -0.01226     0.00000     0.04244     0.01703     0.00000    -0.04334     0.00000     0.12525
    11.03200     0.00000    -0.28746    -0.01196     0.00000     0.04269     0.01704     0.00000    -0.04335     0.00000     0.12512
    11.03300     0.00000    -0.28751    -0.01167     0.00000     0.04293     0.01705     0.00000    -0.04336     0.00000     0.12498
    11.03400     0.00000    -0.28755    -0.01137     0.00000     0.04318     0.01707     0.00000    -0.04337     0.00000     0.12483
    11.03500     0.00000    -0.28758    -0.01107     0.00000     0.04343     0.01708     0.00000    -0.04339     0.00000     0.12468
    11.03600     0.00000    -0.28761    -0.01077     0.00000     0.04367     0.01709     0.00000    -0.04340     0.00000     0.12453
    11.03700     0.00000    -0.28763    -0.01047     0.00000     0.04392     0.01710     0.00000    -0.04341     0.00000     0.12437
    11.03800     0.00000    -0.28765    -0.01017     0.00000     0.04416     0.01712     0.00000    -0.04342     0.00000     0.12420
    11.03900     0.00000    -0.28766    -0.00987     0.00000     0.04440     0.01713     0.00000    -0.04343     0.00000     0.12403
    11.04000     0.00000    -0.28767    -0.00957     0.00000     0.04465     0.01715     0.00000    -0.04344     0.00000     0.12385
    11.04100     0.00000    -0.28768    -0.00927     0.00000     0.04489     0.01716     0.00000    -0.04346     0.00000     0.12367
    11.04200     0.00000    -0.28767    -0.00897     0.00000     0.04513     0.01717     0.00000    -0.04347     0.00000     0.12348
    11.04300     0.00000    -0.28767    -0.00867     0.00000     0.04537     0.01719     0.00000    -0.04348     0.00000     0.12328
    11.04400     0.00000    -0.28766    -0.00837     0.00000     0.04562     0.01720     0.00000    -0.04349     0.00000     0.12308
    11.04500     0.00000    -0.28764    -0.00806     0.00000     0.04586     0.01722     0.00000    -0.04350     0.00000     0.12288
    11.04600     0.00000    -0.28762    -0.00776     0.00000     0.04610     0.01724     0.00000    -0.04351     0.00000     0.12267
    11.04700     0.00000    -0.28759    -0.00746     0.00000     0.04634     0.01725     0.00000    -0.04353     0.00000     0.12245
    11.04800     0.00000    -0.28756    -0.00716     0.00000     0.04658     0.01727     0.00000    -0.04354     0.00000     0.12223
    11.04900     0.00000    -0.28752    -0.00686     0.00000     0.04681     0.01728     0.00000    -0.04355     0.00000     0.12200
    11.05000     0.00000    -0.28748    -0.00655     0.00000     0.04705     0.01730     0.00000    -0.04356     0.00000     0.12177
    11.05100     0.00000    -0.28743    -0.00625     0.00000     0.04729     0.01732     0.00000    -0.04357     0.00000     0.12153
    11.05200     0.00000    -0.28738    -0.00595     0.00000     0.04753     0.01734     0.00000    -0.04359     0.00000     0.12129
    11.05300     0.00000    -0.28733    -0.00564     0.00000     0.04776     0.01735     0.00000    -0.04360     0.00000     0.12104
    11.05400     0.00000    -0.28726    -0.00534     0.00000     0.04800     0.01737     0.00000    -0.04361     0.00000     0.12079
    11.05500     0.00000    -0.28720    -0.00504     0.00000     0.04823     0.01739     0.00000    -0.04362     0.00000     0.12053
    11.05600     0.00000    -0.28713    -0.00473     0.00000     0.04847     0.01741     0.00000    -0.04363     0.00000     0.12026
    11.05700     0.00000    -0.28705    -0.00443     0.00000     0.04870     0.01743     0.00000    -0.04365     0.00000     0.11999
    11.05800     0.00000    -0.28697    -0.00412     0.00000     0.04894     0.01745     0.00000    -0.04366     0.00000     0.11971
    11.05900     0.00000    -0.28688    -0.00382     0.00000     0.04917     0.01747     0.00000    -0.04367     0.00000     0.11943
    11.06000     0.00000    -0.28679    -0.00352     0.00000     0.04940     0.01749     0.00000    -0.04368     0.00000     0.11915
    11.06100     0.00000    -0.28670    -0.00321     0.00000     0.04963     0.01751     0.00000    -0.04369     0.00000     0.11885
    11.06200     0.00000    -0.28660    -0.00291     0.00000     0.04986     0.01753     0.00000    -0.04371     0.00000     0.11856
    11.06300     0.00000    -0.28649    -0.00260     0.00000     0.05009     0.01755     0.00000    -0.04372     0.00000     0.11825
    11.06400     0.00000    -0.28638    -0.00230     0.00000     0.05032     0.01757     0.00000    -0.04373     0.00000     0.11794
    11.06500     0.00000    -0.28627    -0.00199     0.00000     0.05055     0.01759     0.00000    -0.04374     0.00000     0.11763
    11.06600     0.00000    -0.28615    -0.00169     0.00000     0.05078     0.01761     0.00000    -0.04375     0.00000     0.11731
    11.06700     0.00000    -0.28602    -0.00139     0.00000     0.05101     0.01764     0.00000    -0.04377     0.00000     0.11699
    11.06800     0.00000    -0.28590    -0.00108     0.00000     0.05124     0.01766     0.00000    -0.04378     0.00000     0.11666
    11.06900     0.00000    -0.28576    -0.00078     0.00000     0.05146     0.01768     0.00000    -0.04379     0.00000     0.11632
    11.07000     0.00000    -0.28562    -0.00047     0.00000     0.05169     0.01770     0.00000    -0.04380     0.00000     0.11598
    11.07100     0.00000    -0.28548    -0.00017     0.00000     0.05192     0.01773     0.00000    -0.04381     0.00000     0.11563
    11.07200     0.00000    -0.28533     0.00014     0.00000     0.05214     0.01775     0.00000    -0.04383     0.00000     0.11528
    11.07300     0.00000    -0.28518     0.00044     0.00000     0.05236     0.01777     0.00000    -0.04384     0.00000     0.11493
    11.07400     0.00000    -0.28502     0.00075     0.00000     0.05259     0.01780     0.00000    -0.04385     0.00000     0.11456
    11.07500     0.00000    -0.28486     0.00105     0.00000     0.05281     0.01782     0.00000    -0.04386     0.00000     0.11420
    11.07600     0.00000    -0.28470     0.00136     0.00000     0.05303     0.01785     0.00000    -0.04387     0.00000     0.11382
    11.07700     0.00000    -0.28453     0.00166     0.00000     0.05325     0.01787     0.00000    -0.04388     0.00000     0.11345
    11.07800     0.00000    -0.28435     0.00196     0.00000     0.05347     0.01790     0.00000    -0.04390     0.00000     0.11306
    11.07900     0.00000    -0.28417     0.00227     0.00000     0.05369     0.01792     0.00000    -0.04391     0.00000     0.11267
    11.08000     0.00000    -0.28399     0.00257     0.00000     0.05391     0.01795     0.00000    -0.04392     0.00000     0.11228
    11.08100     0.00000    -0.28380     0.00288     0.00000     0.05413     0.01797     0.00000    -0.04393     0.00000     0.11188
    11.08200     0.00000    -0.28361     0.00318     0.00000     0.05435     0.01800     0.00000    -0.04394     0.00000     0.11148
    11.08300     0.00000    -0.28341     0.00348     0.00000     0.05457     0.01803     0.00000    -0.04395     0.00000     0.11107
    11.08400     0.00000    -0.28321     0.00379     0.00000     0.05478     0.01805     0.00000    -0.04397     0.00000     0.11065
    11.08500     0.00000    -0.28300     0.00409     0.00000     0.05500     0.01808     0.00000    -0.04398     0.00000     0.11023
    11.08600     0.00000    -0.28279     0.00439     0.00000     0.05521     0.01811     0.00000    -0.04399     0.00000     0.10981
    11.08700     0.00000    -0.28257     0.00470     0.00000     0.05543     0.01814     0.00000    -0.04400     0.00000     0.10938
    11.08800     0.00000    -0.28235     0.00500     0.00000     0.05564     0.01816     0.00000    -0.04401     0.00000     0.10894
    11.08900     0.00000    -0.28213     0.00530     0.00000     0.05585     0.01819     0.00000    -0.04402     0.00000     0.10850
    11.09000     0.00000    -0.28190     0.00560     0.00000     0.05607     0.01822     0.00000    -0.04403     0.00000     0.10806
    11.09100     0.00000    -0.28167     0.00591     0.00000     0.05628     0.01825     0.00000    -0.04404     0.00000     0.10761
    11.09200     0.00000    -0.28143     0.00621     0.00000     0.05649     0.01828     0.00000    -0.04405     0.00000     0.10715
    11.09300     0.00000    -0.28119     0.00651     0.00000     0.05670     0.01831     0.00000    -0.04406     0.00000     0.10669
    11.09400     0.00000    -0.28094     0.00681     0.00000     0.05691     0.01834     0.00000    -0.04407     0.00000     0.10622
    11.09500     0.00000    -0.28069     0.00711     0.00000     0.05712     0.01837     0.00000    -0.04408     0.00000     0.10575
    11.09600     0.00000    -0.28044     0.00742     0.00000     0.05732     0.01840     0.00000    -0.04409     0.00000     0.10527
    11.09700     0.00000    -0.28018     0.00772     0.00000     0.05753     0.01843     0.00000    -0.04410     0.00000     0.10479
    11.09800     0.00000    -0.27991     0.00802     0.00000     0.05774     0.01846     0.00000    -0.04411     0.00000     0.10431
    11.09900     0.00000    -0.27965     0.00832     0.00000     0.05794     0.01849     0.00000    -0.04412     0.00000     0.10382
    11.10000     0.00000    -0.27938     0.00862     0.00000     0.05815     0.01852     0.00000    -0.04413     0.00000     0.10332
    11.10100     0.00000    -0.27910     0.00892     0.00000     0.05835     0.01855     0.00000    -0.04414     0.00000     0.10282
    11.10200     0.00000    -0.27882     0.00922     0.00000     0.05855     0.01858     0.00000    -0.04415     0.00000     0.10231
    11.10300     0.00000    -0.27853     0.00952     0.00000     0.05876     0.01861     0.00000    -0.04416     0.00000     0.10180
    11.10400     0.00000    -0.27825     0.00982     0.00000     0.05896     0.01864     0.00000    -0.04417     0.00000     0.10129
    11.10500     0.00000    -0.27795     0.01012     0.00000     0.05916     0.01867     0.00000    -0.04418     0.00000     0.10076
    11.10600     0.00000    -0.27766     0.01041     0.00000     0.05936     0.01871     0.00000    -0.04419     0.00000     0.10024
    11.10700     0.00000    -0.27735     0.01071     0.00000     0.05956     0.01874     0.00000    -0.04420     0.00000     0.09971
    11.10800     0.00000    -0.27705     0.01101     0.00000     0.05976     0.01877     0.00000    -0.04420     0.00000     0.09917
    11.10900     0.00000    -0.27674     0.01131     0.00000     0.05995     0.01880     0.00000    -0.04421     0.00000     0.09863
    11.11000     0.00000    -0.27642     0.01160     0.00000     0.06015     0.01883     0.00000    -0.04422     0.00000     0.09809
    11.11100     0.00000    -0.27611     0.01190     0.00000     0.06035     0.01887     0.00000    -0.04423     0.00000     0.09754
    11.11200     0.00000    -0.27578     0.01220     0.00000     0.06054     0.01890     0.00000    -0.04424     0.00000     0.09698
    11.11300     0.00000    -0.27546     0.01249     0.00000     0.06073     0.01893     0.00000    -0.04424     0.00000     0.09642
    11.11400     0.00000    -0.27513     0.01279     0.00000     0.06093     0.01897     0.00000    -0.04425     0.00000     0.09586
    11.11500     0.00000    -0.27479     0.01308     0.00000     0.06112     0.01900     0.00000    -0.04426     0.00000     0.09529
    11.11600     0.00000    -0.27446     0.01338     0.00000     0.06131     0.01903     0.00000    -0.04426     0.00000     0.09472
    11.11700     0.00000    -0.27411     0.01367     0.00000     0.06150     0.01906     0.00000    -0.04427     0.00000     0.09414
    11.11800     0.00000    -0.27377     0.01397     0.00000     0.06169     0.01910     0.00000    -0.04427     0.00000     0.09356
    11.11900     0.00000    -0.27342     0.01426     0.00000     0.06188     0.01913     0.00000    -0.04428     0.00000     0.09297
    11.12000     0.00000    -0.27306     0.01455     0.00000     0.06207     0.01917     0.00000    -0.04429     0.00000     0.09238
    11.12100     0.00000    -0.27271     0.01485     0.00000     0.06226     0.01920     0.00000    -0.04429     0.00000     0.09178
    11.12200     0.00000    -0.27234     0.01514     0.00000     0.06245     0.01923     0.00000    -0.04430     0.00000     0.09118
    11.12300     0.00000    -0.27198     0.01543     0.00000     0.06263     0.01927     0.00000    -0.04430     0.00000     0.09057
    11.12400     0.00000    -0.27161     0.01572     0.00000     0.06282     0.01930     0.00000    -0.04431     0.00000     0.08996
    11.12500     0.00000    -0.27123     0.01601     0.00000     0.06300     0.01933     0.00000    -0.04431     0.00000     0.08935
    11.12600     0.00000    -0.27085     0.01630     0.00000     0.06319     0.01937     0.00000    -0.04431     0.00000     0.08873
    11.12700     0.00000    -0.27047     0.01659     0.00000     0.06337     0.01940     0.00000    -0.04432     0.00000     0.08810
    11.12800     0.00000    -0.27009     0.01688     0.00000     0.06355     0.01944     0.00000    -0.04432     0.00000     0.08748
    11.12900     0.00000    -0.26970     0.01717     0.00000     0.06373     0.01947     0.00000    -0.04432     0.00000     0.08684
    11.13000     0.00000    -0.26930     0.01746     0.00000     0.06391     0.01950     0.00000    -0.04433     0.00000     0.08621
    11.13100     0.00000    -0.26891     0.01775     0.00000     0.06409     0.01954     0.00000    -0.04433     0.00000     0.08556
    11.13200     0.00000    -0.26850     0.01804     0.00000     0.06427     0.01957     0.00000    -0.04433     0.00000     0.08492
    11.13300     0.00000    -0.26810     0.01832     0.00000     0.06445     0.01961     0.00000    -0.04433     0.00000     0.08427
    11.13400     0.00000    -0.26769     0.01861     0.00000     0.06462     0.01964     0.00000    -0.04433     0.00000     0.08361
    11.13500     0.00000    -0.26728     0.01890     0.00000     0.06480     0.01968     0.00000    -0.04433     0.00000     0.08296
    11.13600     0.00000    -0.26686     0.01918     0.00000     0.06498     0.01971     0.00000    -0.04433     0.00000     0.08229
    11.13700     0.00000    -0.26644     0.01947     0.00000     0.06515     0.01974     0.00000    -0.04434     0.00000     0.08163
    11.13800     0.00000    -0.26602     0.01975     0.00000     0.06532     0.01978     0.00000    -0.04434     0.00000     0.08095
    11.13900     0.00000    -0.26559     0.02004     0.00000     0.06550     0.01981     0.00000    -0.04433     0.00000     0.08028
    11.14000     0.00000    -0.26516     0.02032     0.00000     0.06567     0.01985     0.00000    -0.04433     0.00000     0.07960
    11.14100     0.00000    -0.26472     0.02060     0.00000     0.06584     0.01988     0.00000    -0.04433     0.00000     0.07892
    11.14200     0.00000    -0.26428     0.02089     0.00000     0.06601     0.01991     0.00000    -0.04433     0.00000     0.07823
    11.14300     0.00000    -0.26384     0.02117     0.00000     0.06618     0.01995     0.00000    -0.04433     0.00000     0.07754
    11.14400     0.00000    -0.26340     0.02145     0.00000     0.06635     0.01998     0.00000    -0.04433     0.00000     0.07684
    11.14500     0.00000    -0.26295     0.02173     0.00000     0.06651     0.02001     0.00000    -0.04432     0.00000     0.07614
    11.14600     0.00000    -0.26249     0.02201     0.00000     0.06668     0.02005     0.00000    -0.04432     0.00000     0.07544
    11.14700     0.00000    -0.26203     0.02229     0.00000     0.06685     0.02008     0.00000    -0.04432     0.00000     0.07473
    11.14800     0.00000    -0.26157     0.02257     0.00000     0.06701     0.02011     0.00000    -0.04431     0.00000     0.07402
    11.14900     0.00000    -0.26111     0.02285     0.00000     0.06717     0.02015     0.00000    -0.04431     0.00000     0.07330
    11.15000     0.00000    -0.26064     0.02312     0.00000     0.06734     0.02018     0.00000    -0.04430     0.00000     0.07258
    11.15100     0.00000    -0.26017     0.02340     0.00000     0.06750     0.02021     0.00000    -0.04430     0.00000     0.07186
    11.15200     0.00000    -0.25969     0.02368     0.00000     0.06766     0.02025     0.00000    -0.04429     0.00000     0.07113
    11.15300     0.00000    -0.25921     0.02395     0.00000     0.06782     0.02028     0.00000    -0.04429     0.00000     0.07040
    11.15400     0.00000    -0.25873     0.02423     0.00000     0.06798     0.02031     0.00000    -0.04428     0.00000     0.06967
    11.15500     0.00000    -0.25825     0.02450     0.00000     0.06814     0.02034     0.00000    -0.04427     0.00000     0.06893
    11.15600     0.00000    -0.25776     0.02478     0.00000     0.06830     0.02038     0.00000    -0.04426     0.00000     0.06818
    11.15700     0.00000    -0.25726     0.02505     0.00000     0.06845     0.02041     0.00000    -0.04426     0.00000     0.06744
    11.15800     0.00000    -0.25677     0.02532     0.00000     0.06861     0.02044     0.00000    -0.04425     0.00000     0.06669
    11.15900     0.00000    -0.25626     0.02560     0.00000     0.06877     0.02047     0.00000    -0.04424     0.00000     0.06594
    11.16000     0.00000    -0.25576     0.02587     0.00000     0.06892     0.02050     0.00000    -0.04423     0.00000     0.06518
    11.16100     0.00000    -0.25525     0.02614     0.00000     0.06907     0.02053     0.00000    -0.04422     0.00000     0.06442
    11.16200     0.00000    -0.25474     0.02641     0.00000     0.06923     0.02056     0.00000    -0.04421     0.00000     0.06365
    11.16300     0.00000    -0.25423     0.02668     0.00000     0.06938     0.02060     0.00000    -0.04420     0.00000     0.06289
    11.16400     0.00000    -0.25371     0.02695     0.00000     0.06953     0.02063     0.00000    -0.04418     0.00000     0.06212
    11.16500     0.00000    -0.25319     0.02721     0.00000     0.06968     0.02066     0.00000    -0.04417     0.00000     0.06134
    11.16600     0.00000    -0.25267     0.02748     0.00000     0.06983     0.02069     0.00000    -0.04416     0.00000     0.06056
    11.16700     0.00000    -0.25214     0.02775     0.00000     0.06997     0.02072     0.00000    -0.04415     0.00000     0.05978
    11.16800     0.00000    -0.25161     0.02801     0.00000     0.07012     0.02074     0.00000    -0.04413     0.00000     0.05900
    11.16900     0.00000    -0.25107     0.02828     0.00000     0.07027     0.02077     0.00000    -0.04412     0.00000     0.05821
    11.17000     0.00000    -0.25053     0.02854     0.00000     0.07041     0.02080     0.00000    -0.04410     0.00000     0.05742
    11.17100     0.00000    -0.24999     0.02881     0.00000     0.07056     0.02083     0.00000    -0.04409     0.00000     0.05662
    11.17200     0.00000    -0.24945     0.02907     0.00000     0.07070     0.02086     0.00000    -0.04407     0.00000     0.05583
    11.17300     0.00000    -0.24890     0.02933     0.00000     0.07084     0.02089     0.00000    -0.04405     0.00000     0.05503
    11.17400     0.00000    -0.24835     0.02960     0.00000     0.07099     0.02091     0.00000    -0.04404     0.00000     0.05422
    11.17500     0.00000    -0.24779     0.02986     0.00000     0.07113     0.02094     0.00000    -0.04402     0.00000     0.05341
    11.17600     0.00000    -0.24723     0.03012     0.00000     0.07127     0.02097     0.00000    -0.04400     0.00000     0.05260
    11.17700     0.00000    -0.24667     0.03038     0.00000     0.07140     0.02099     0.00000    -0.04398     0.00000     0.05179
    11.17800     0.00000    -0.24611     0.03064     0.00000     0.07154     0.02102     0.00000    -0.04396     0.00000     0.05097
    11.17900     0.00000    -0.24554     0.03089     0.00000     0.07168     0.02105     0.00000    -0.04394     0.00000     0.05016
    11.18000     0.00000    -0.24497     0.03115     0.00000     0.07182     0.02107     0.00000    -0.04392     0.00000     0.04933
    11.18100     0.00000    -0.24439     0.03141     0.00000     0.07195     0.02110     0.00000    -0.04390     0.00000     0.04851
    11.18200     0.00000    -0.24381     0.03166     0.00000     0.07209     0.02112     0.00000    -0.04388     0.00000     0.04768
    11.18300     0.00000    -0.24323     0.03192     0.00000     0.07222     0.02115     0.00000    -0.04385     0.00000     0.04685
    11.18400     0.00000    -0.24265     0.03217     0.00000     0.07235     0.02117     0.00000    -0.04383     0.00000     0.04601
    11.18500     0.00000    -0.24206     0.03243     0.00000     0.07249     0.02119     0.00000    -0.04381     0.00000     0.04518
    11.18600     0.00000    -0.24147     0.03268     0.00000     0.07262     0.02122     0.00000    -0.04378     0.00000     0.04434
    11.18700     0.00000    -0.24088     0.03293     0.00000     0.07275     0.02124     0.00000    -0.04376     0.00000     0.04350
    11.18800     0.00000    -0.24028     0.03319     0.00000     0.07288     0.02126     0.00000    -0.04373     0.00000     0.04265
    11.18900     0.00000    -0.23968     0.03344     0.00000     0.07300     0.02128     0.00000    -0.04370     0.00000     0.04180
    11.19000     0.00000    -0.23907     0.03369     0.00000     0.07313     0.02130     0.00000    -0.04367     0.00000     0.04095
    11.19100     0.00000    -0.23847     0.03394     0.00000     0.07326     0.02132     0.00000    -0.04365     0.00000     0.04010
    11.19200     0.00000    -0.23786     0.03418     0.00000     0.07338     0.02134     0.00000    -0.04362     0.00000     0.03924
    11.19300     0.00000    -0.23724     0.03443     0.00000     0.07351     0.02136     0.00000    -0.04359     0.00000     0.03839
    11.19400     0.00000    -0.23663     0.03468     0.00000     0.07363     0.02138     0.00000    -0.04356     0.00000     0.03753
    11.19500     0.00000    -0.23601     0.03492     0.00000     0.07375     0.02140     0.00000    -0.04353     0.00000     0.03666
    11.19600     0.00000    -0.23539     0.03517     0.00000     0.07388     0.02142     0.00000    -0.04350     0.00000     0.03580
    11.19700     0.00000    -0.23476     0.03541     0.00000     0.07400     0.02144     0.00000    -0.04346     0.00000     0.03493
    11.19800     0.00000    -0.23413     0.03566     0.00000     0.07412     0.02145     0.00000    -0.04343     0.00000     0.03406
    11.19900     0.00000    -0.23350     0.03590     0.00000     0.07424     0.02147     0.00000    -0.04340     0.00000     0.03319
    11.20000     0.00000    -0.23286     0.03614     0.00000     0.07436     0.02149     0.00000    -0.04336     0.00000     0.03231
    11.20100     0.00000    -0.23223     0.03638     0.00000     0.07447     0.02150     0.00000    -0.04333     0.00000     0.03143
    11.20200     0.00000    -0.23159     0.03663     0.00000     0.07459     0.02152     0.00000    -0.04329     0.00000     0.03056
    11.20300     0.00000    -0.23094     0.03686     0.00000     0.07471     0.02153     0.00000    -0.04325     0.00000     0.02967
    11.20400     0.00000    -0.23029     0.03710     0.00000     0.07482     0.02154     0.00000    -0.04322     0.00000     0.02879
    11.20500     0.00000    -0.22964     0.03734     0.00000     0.07493     0.02156     0.00000    -0.04318     0.00000     0.02790
    11.20600     0.00000    -0.22899     0.03758     0.00000     0.07505     0.02157     0.00000    -0.04314     0.00000     0.02702
    11.20700     0.00000    -0.22834     0.03782     0.00000     0.07516     0.02158     0.00000    -0.04310     0.00000     0.02613
    11.20800     0.00000    -0.22768     0.03805     0.00000     0.07527     0.02159     0.00000    -0.04306     0.00000     0.02523
    11.20900     0.00000    -0.22702     0.03829     0.00000     0.07538     0.02160     0.00000    -0.04302     0.00000     0.02434
    11.21000     0.00000    -0.22635     0.03852     0.00000     0.07549     0.02161     0.00000    -0.04297     0.00000     0.02344
    11.21100     0.00000    -0.22568     0.03875     0.00000     0.07560     0.02162     0.00000    -0.04293     0.00000     0.02255
    11.21200     0.00000    -0.22501     0.03899     0.00000     0.07571     0.02163     0.00000    -0.04289     0.00000     0.02165
    11.21300     0.00000    -0.22434     0.03922     0.00000     0.07581     0.02164     0.00000    -0.04284     0.00000     0.02075
    11.21400     0.00000    -0.22366     0.03945     0.00000     0.07592     0.02165     0.00000    -0.04280     0.00000     0.01984
    11.21500     0.00000    -0.22298     0.03968     0.00000     0.07602     0.02165     0.00000    -0.04275     0.00000     0.01894
    11.21600     0.00000    -0.22230     0.03991     0.00000     0.07613     0.02166     0.00000    -0.04270     0.00000     0.01803
    11.21700     0.00000    -0.22161     0.04013     0.00000     0.07623     0.02167     0.00000    -0.04266     0.00000     0.01712
    11.21800     0.00000    -0.22093     0.04036     0.00000     0.07633     0.02167     0.00000    -0.04261     0.00000     0.01621
    11.21900     0.00000    -0.22023     0.04059     0.00000     0.07644     0.02167     0.00000    -0.04256     0.00000     0.01530
    11.22000     0.00000    -0.21954     0.04081     0.00000     0.07654     0.02168     0.00000    -0.04251     0.00000     0.01439
    11.22100     0.00000    -0.21884     0.04104     0.00000     0.07664     0.02168     0.00000    -0.04246     0.00000     0.01347
    11.22200     0.00000    -0.21814     0.04126     0.00000     0.07673     0.02168     0.00000    -0.04241     0.00000     0.01256
    11.22300     0.00000    -0.21744     0.04149     0.00000     0.07683     0.02168     0.00000    -0.04235     0.00000     0.01164
    11.22400     0.00000    -0.21674     0.04171     0.00000     0.07693     0.02168     0.00000    -0.04230     0.00000     0.01072
    11.22500     0.00000    -0.21603     0.04193     0.00000     0.07703     0.02168     0.00000    -0.04224     0.00000     0.00980
    11.22600     0.00000    -0.21532     0.04215     0.00000     0.07712     0.02168     0.00000    -0.04219     0.00000     0.00888
    11.22700     0.00000    -0.21460     0.04237     0.00000     0.07721     0.02168     0.00000    -0.04213     0.00000     0.00795
    11.22800     0.00000    -0.21389     0.04259     0.00000     0.07731     0.02168     0.00000    -0.04208     0.00000     0.00703
    11.22900     0.00000    -0.21317     0.04281     0.00000     0.07740     0.02167     0.00000    -0.04202     0.00000     0.00610
    11.23000     0.00000    -0.21245     0.04302     0.00000     0.07749     0.02167     0.00000    -0.04196     0.00000     0.00518
    11.23100     0.00000    -0.21172     0.04324     0.00000     0.07758     0.02167     0.00000    -0.04190     0.00000     0.00425
    11.23200     0.00000    -0.21099     0.04345     0.00000     0.07767     0.02166     0.00000    -0.04184     0.00000     0.00332
    11.23300     0.00000    -0.21026     0.04367     0.00000     0.07776     0.02165     0.00000    -0.04178     0.00000     0.00239
    11.23400     0.00000    -0.20953     0.04388     0.00000     0.07785     0.02165     0.00000    -0.04172     0.00000     0.00146
    11.23500     0.00000    -0.20880     0.04409     0.00000     0.07794     0.02164     0.00000    -0.04165     0.00000     0.00053
    11.23600     0.00000    -0.20806     0.04431     0.00000     0.07802     0.02163     0.00000    -0.04159     0.00000    -0.00041
    11.23700     0.00000    -0.20732     0.04452     0.00000     0.07811     0.02162     0.00000    -0.04152     0.00000    -0.00134
    11.23800     0.00000    -0.20657     0.04473     0.00000     0.07819     0.02161     0.00000    -0.04146     0.00000    -0.00228
    11.23900     0.00000    -0.20583     0.04494     0.00000     0.07828     0.02160     0.00000    -0.04139     0.00000    -0.00321
    11.24000     0.00000    -0.20508     0.04514     0.00000     0.07836     0.02158     0.00000    -0.04132     0.00000    -0.00415
    11.24100     0.00000    -0.20432     0.04535     0.00000     0.07844     0.02157     0.00000    -0.04126     0.00000    -0.00509
    11.24200     0.00000    -0.20357     0.04556     0.00000     0.07852     0.02156     0.00000    -0.04119     0.00000    -0.00602
    11.24300     0.00000    -0.20281     0.04576     0.00000     0.07860     0.02154     0.00000    -0.04112     0.00000    -0.00696
    11.24400     0.00000    -0.20205     0.04597     0.00000     0.07868     0.02153     0.00000    -0.04104     0.00000    -0.00790
    11.24500     0.00000    -0.20129     0.04617     0.00000     0.07876     0.02151     0.00000    -0.04097     0.00000    -0.00884
    11.24600     0.00000    -0.20053     0.04637     0.00000     0.07884     0.02149     0.00000    -0.04090     0.00000    -0.00978
    11.24700     0.00000    -0.19976     0.04658     0.00000     0.07892     0.02147     0.00000    -0.04082     0.00000    -0.01073
    11.24800     0.00000    -0.19899     0.04678     0.00000     0.07899     0.02145     0.00000    -0.04075     0.00000    -0.01167
    11.24900     0.00000    -0.19822     0.04698     0.00000     0.07907     0.02143     0.00000    -0.04067     0.00000    -0.01261
    11.25000     0.00000    -0.19744     0.04718     0.00000     0.07914     0.02141     0.00000    -0.04060     0.00000    -0.01355
    11.25100     0.00000    -0.19666     0.04737     0.00000     0.07921     0.02139     0.00000    -0.04052     0.00000    -0.01449
    11.25200     0.00000    -0.19588     0.04757     0.00000     0.07929     0.02137     0.00000    -0.04044     0.00000    -0.01544
    11.25300     0.00000    -0.19510     0.04777     0.00000     0.07936     0.02134     0.00000    -0.04036     0.00000    -0.01638
    11.25400     0.00000    -0.19432     0.04796     0.00000     0.07943     0.02132     0.00000    -0.04028     0.00000    -0.01733
    11.25500     0.00000    -0.19353     0.04816     0.00000     0.07950     0.02129     0.00000    -0.04020     0.00000    -0.01827
    11.25600     0.00000    -0.19274     0.04835     0.00000     0.07957     0.02126     0.00000    -0.04012     0.00000    -0.01921
    11.25700     0.00000    -0.19194     0.04854     0.00000     0.07963     0.02124     0.00000    -0.04003     0.00000    -0.02016
    11.25800     0.00000    -0.19115     0.04874     0.00000     0.07970     0.02121     0.00000    -0.03995     0.00000    -0.02110
    11.25900     0.00000    -0.19035     0.04893     0.00000     0.07977     0.02118     0.00000    -0.03986     0.00000    -0.02205
    11.26000     0.00000    -0.18955     0.04912     0.00000     0.07983     0.02115     0.00000    -0.03978     0.00000    -0.02299
    11.26100     0.00000    -0.18875     0.04931     0.00000     0.07990     0.02112     0.00000    -0.03969     0.00000    -0.02394
    11.26200     0.00000    -0.18794     0.04949     0.00000     0.07996     0.02108     0.00000    -0.03960     0.00000    -0.02488
    11.26300     0.00000    -0.18714     0.04968     0.00000     0.08002     0.02105     0.00000    -0.03951     0.00000    -0.02583
    11.26400     0.00000    -0.18633     0.04987     0.00000     0.08009     0.02101     0.00000    -0.03942     0.00000    -0.02677
    11.26500     0.00000    -0.18551     0.05005     0.00000     0.08015     0.02098     0.00000    -0.03933     0.00000    -0.02772
    11.26600     0.00000    -0.18470     0.05024     0.00000     0.08021     0.02094     0.00000    -0.03924     0.00000    -0.02866
    11.26700     0.00000    -0.18388     0.05042     0.00000     0.08027     0.02091     0.00000    -0.03915     0.00000    -0.02960
    11.26800     0.00000    -0.18306     0.05060     0.00000     0.08032     0.02087     0.00000    -0.03905     0.00000    -0.03055
    11.26900     0.00000    -0.18224     0.05078     0.00000     0.08038     0.02083     0.00000    -0.03896     0.00000    -0.03149
    11.27000     0.00000    -0.18142     0.05097     0.00000     0.08044     0.02079     0.00000    -0.03886     0.00000    -0.03243
    11.27100     0.00000    -0.18059     0.05114     0.00000     0.08050     0.02074     0.00000    -0.03876     0.00000    -0.03338
    11.27200     0.00000    -0.17976     0.05132     0.00000     0.08055     0.02070     0.00000    -0.03867     0.00000    -0.03432
    11.27300     0.00000    -0.17893     0.05150     0.00000     0.08060     0.02066     0.00000    -0.03857     0.00000    -0.03526
    11.27400     0.00000    -0.17809     0.05168     0.00000     0.08066     0.02061     0.00000    -0.03847     0.00000    -0.03620
    11.27500     0.00000    -0.17726     0.05185     0.00000     0.08071     0.02057     0.00000    -0.03837     0.00000    -0.03714
    11.27600     0.00000    -0.17642     0.05203     0.00000     0.08076     0.02052     0.00000    -0.03826     0.00000    -0.03808
    11.27700     0.00000    -0.17558     0.05220     0.00000     0.08081     0.02047     0.00000    -0.03816     0.00000    -0.03902
    11.27800     0.00000    -0.17474     0.05238     0.00000     0.08086     0.02042     0.00000    -0.03806     0.00000    -0.03996
    11.27900     0.00000    -0.17389     0.05255     0.00000     0.08091     0.02037     0.00000    -0.03795     0.00000    -0.04090
    11.28000     0.00000    -0.17304     0.05272     0.00000     0.08096     0.02032     0.00000    -0.03785     0.00000    -0.04184
    11.28100     0.00000    -0.17219     0.05289     0.00000     0.08101     0.02027     0.00000    -0.03774     0.00000    -0.04277
    11.28200     0.00000    -0.17134     0.05306     0.00000     0.08105     0.02022     0.00000    -0.03763     0.00000    -0.04371
    11.28300     0.00000    -0.17049     0.05323     0.00000     0.08110     0.02016     0.00000    -0.03752     0.00000    -0.04464
    11.28400     0.00000    -0.16963     0.05339     0.00000     0.08115     0.02011     0.00000    -0.03741     0.00000    -0.04558
    11.28500     0.00000    -0.16877     0.05356     0.00000     0.08119     0.02005     0.00000    -0.03730     0.00000    -0.04651
    11.28600     0.00000    -0.16791     0.05373     0.00000     0.08123     0.02000     0.00000    -0.03719     0.00000    -0.04744
    11.28700     0.00000    -0.16705     0.05389     0.00000     0.08127     0.01994     0.00000    -0.03708     0.00000    -0.04837
    11.28800     0.00000    -0.16618     0.05405     0.00000     0.08132     0.01988     0.00000    -0.03696     0.00000    -0.04930
    11.28900     0.00000    -0.16532     0.05422     0.00000     0.08136     0.01982     0.00000    -0.03685     0.00000    -0.05023
    11.29000     0.00000    -0.16445     0.05438     0.00000     0.08140     0.01976     0.00000    -0.03673     0.00000    -0.05116
    11.29100     0.00000    -0.16357     0.05454     0.00000     0.08144     0.01969     0.00000    -0.03661     0.00000    -0.05209
    11.29200     0.00000    -0.16270     0.05470     0.00000     0.08147     0.01963     0.00000    -0.03650     0.00000    -0.05301
    11.29300     0.00000    -0.16182     0.05486     0.00000     0.08151     0.01957     0.00000    -0.03638     0.00000    -0.05394
    11.29400     0.00000    -0.16094     0.05501     0.00000     0.08155     0.01950     0.00000    -0.03626     0.00000    -0.05486
    11.29500     0.00000    -0.16006     0.05517     0.00000     0.08158     0.01943     0.00000    -0.03614     0.00000    -0.05578
    11.29600     0.00000    -0.15918     0.05533     0.00000     0.08162     0.01936     0.00000    -0.03601     0.00000    -0.05670
    11.29700     0.00000    -0.15830     0.05548     0.00000     0.08165     0.01929     0.00000    -0.03589     0.00000    -0.05762
    11.29800     0.00000    -0.15741     0.05563     0.00000     0.08169     0.01922     0.00000    -0.03577     0.00000    -0.05854
    11.29900     0.00000    -0.15652     0.05579     0.00000     0.08172     0.01915     0.00000    -0.03564     0.00000    -0.05945
    11.30000     0.00000    -0.15563     0.05594     0.00000     0.08175     0.01908     0.00000    -0.03552     0.00000    -0.06037
    11.30100     0.00000    -0.15474     0.05609     0.00000     0.08178     0.01901     0.00000    -0.03539     0.00000    -0.06128
    11.30200     0.00000    -0.15384     0.05624     0.00000     0.08181     0.01893     0.00000    -0.03526     0.00000    -0.06219
    11.30300     0.00000    -0.15294     0.05639     0.00000     0.08184     0.01886     0.00000    -0.03513     0.00000    -0.06310
    11.30400     0.00000    -0.15205     0.05654     0.00000     0.08187     0.01878     0.00000    -0.03500     0.00000    -0.06401
    11.30500     0.00000    -0.15114     0.05668     0.00000     0.08190     0.01870     0.00000    -0.03487     0.00000    -0.06491
    11.30600     0.00000    -0.15024     0.05683     0.00000     0.08192     0.01862     0.00000    -0.03474     0.00000    -0.06582
    11.30700     0.00000    -0.14934     0.05697     0.00000     0.08195     0.01854     0.00000    -0.03461     0.00000    -0.06672
    11.30800     0.00000    -0.14843     0.05712     0.00000     0.08197     0.01846     0.00000    -0.03447     0.00000    -0.06762
    11.30900     0.00000    -0.14752     0.05726     0.00000     0.08200     0.01838     0.00000    -0.03434     0.00000    -0.06852
    11.31000     0.00000    -0.14661     0.05740     0.00000     0.08202     0.01830     0.00000    -0.03420     0.00000    -0.06942
    11.31100     0.00000    -0.14569     0.05754     0.00000     0.08204     0.01821     0.00000    -0.03406     0.00000    -0.07031
    11.31200     0.00000    -0.14478     0.05768     0.00000     0.08206     0.01813     0.00000    -0.03393     0.00000    -0.07121
    11.31300     0.00000    -0.14386     0.05782     0.00000     0.08209     0.01804     0.00000    -0.03379     0.00000    -0.07210
    11.31400     0.00000    -0.14294     0.05796     0.00000     0.08211     0.01795     0.00000    -0.03365     0.00000    -0.07299
    11.31500     0.00000    -0.14202     0.05810     0.00000     0.08212     0.01786     0.00000    -0.03351     0.00000    -0.07387
    11.31600     0.00000    -0.14110     0.05823     0.00000     0.08214     0.01777     0.00000    -0.03336     0.00000    -0.07476
    11.31700     0.00000    -0.14017     0.05837     0.00000     0.08216     0.01768     0.00000    -0.03322     0.00000    -0.07564
    11.31800     0.00000    -0.13925     0.05850     0.00000     0.08218     0.01759     0.00000    -0.03308     0.00000    -0.07652
    11.31900     0.00000    -0.13832     0.05863     0.00000     0.08219     0.01749     0.00000    -0.03293     0.00000    -0.07740
    11.32000     0.00000    -0.13739     0.05876     0.00000     0.08221     0.01740     0.00000    -0.03279     0.00000    -0.07828
    11.32100     0.00000    -0.13645     0.05889     0.00000     0.08222     0.01730     0.00000    -0.03264     0.00000    -0.07915
    11.32200     0.00000    -0.13552     0.05902     0.00000     0.08224     0.01721     0.00000    -0.03249     0.00000    -0.08002
    11.32300     0.00000    -0.13458     0.05915     0.00000     0.08225     0.01711     0.00000    -0.03234     0.00000    -0.08089
    11.32400     0.00000    -0.13365     0.05928     0.00000     0.08226     0.01701     0.00000    -0.03219     0.00000    -0.08176
    11.32500     0.00000    -0.13271     0.05941     0.00000     0.08227     0.01691     0.00000    -0.03204     0.00000    -0.08262
    11.32600     0.00000    -0.13176     0.05953     0.00000     0.08228     0.01681     0.00000    -0.03189     0.00000    -0.08348
    11.32700     0.00000    -0.13082     0.05966     0.00000     0.08229     0.01671     0.00000    -0.03174     0.00000    -0.08434
    11.32800     0.00000    -0.12988     0.05978     0.00000     0.08230     0.01660     0.00000    -0.03158     0.00000    -0.08520
    11.32900     0.00000    -0.12893     0.05990     0.00000     0.08231     0.01650     0.00000    -0.03143     0.00000    -0.08605
    11.33000     0.00000    -0.12798     0.06002     0.00000     0.08232     0.01639     0.00000    -0.03127     0.00000    -0.08691
    11.33100     0.00000    -0.12703     0.06014     0.00000     0.08232     0.01629     0.00000    -0.03111     0.00000    -0.08775
    11.33200     0.00000    -0.12608     0.06026     0.00000     0.08233     0.01618     0.00000    -0.03096     0.00000    -0.08860
    11.33300     0.00000    -0.12512     0.06038     0.00000     0.08233     0.01607     0.00000    -0.03080     0.00000    -0.08944
    11.33400     0.00000    -0.12417     0.06050     0.00000     0.08234     0.01596     0.00000    -0.03064     0.00000    -0.09028
    11.33500     0.00000    -0.12321     0.06062     0.00000     0.08234     0.01585     0.00000    -0.03048     0.00000    -0.09112
    11.33600     0.00000    -0.12225     0.06073     0.00000     0.08234     0.01574     0.00000    -0.03032     0.00000    -0.09196
    11.33700     0.00000    -0.12129     0.06084     0.00000     0.08234     0.01563     0.00000    -0.03015     0.00000    -0.09279
    11.33800     0.00000    -0.12032     0.06096     0.00000     0.08234     0.01551     0.00000    -0.02999     0.00000    -0.09362
    11.33900     0.00000    -0.11936     0.06107     0.00000     0.08234     0.01540     0.00000    -0.02983     0.00000    -0.09445
    11.34000     0.00000    -0.11839     0.06118     0.00000     0.08234     0.01528     0.00000    -0.02966     0.00000    -0.09527
    11.34100     0.00000    -0.11742     0.06129     0.00000     0.08234     0.01516     0.00000    -0.02949     0.00000    -0.09609
    11.34200     0.00000    -0.11645     0.06140     0.00000     0.08234     0.01504     0.00000    -0.02933     0.00000    -0.09691
    11.34300     0.00000    -0.11548     0.06151     0.00000     0.08233     0.01493     0.00000    -0.02916     0.00000    -0.09772
    11.34400     0.00000    -0.11451     0.06161     0.00000     0.08233     0.01480     0.00000    -0.02899     0.00000    -0.09853
    11.34500     0.00000    -0.11353     0.06172     0.00000     0.08233     0.01468     0.00000    -0.02882     0.00000    -0.09934
    11.34600     0.00000    -0.11256     0.06182     0.00000     0.08232     0.01456     0.00000    -0.02865     0.00000    -0.10015
    11.34700     0.00000    -0.11158     0.06193     0.00000     0.08231     0.01444     0.00000    -0.02847     0.00000    -0.10095
    11.34800     0.00000    -0.11060     0.06203     0.00000     0.08231     0.01431     0.00000    -0.02830     0.00000    -0.10175
    11.34900     0.00000    -0.10962     0.06213     0.00000     0.08230     0.01419     0.00000    -0.02813     0.00000    -0.10254
    11.35000     0.00000    -0.10864     0.06223     0.00000     0.08229     0.01406     0.00000    -0.02795     0.00000    -0.10333
    11.35100     0.00000    -0.10765     0.06233     0.00000     0.08228     0.01393     0.00000    -0.02778     0.00000    -0.10412
    11.35200     0.00000    -0.10667     0.06243     0.00000     0.08227     0.01380     0.00000    -0.02760     0.00000    -0.10491
    11.35300     0.00000    -0.10568     0.06253     0.00000     0.08226     0.01367     0.00000    -0.02742     0.00000    -0.10569
    11.35400     0.00000    -0.10469     0.06262     0.00000     0.08225     0.01354     0.00000    -0.02724     0.00000    -0.10647
    11.35500     0.00000    -0.10370     0.06272     0.00000     0.08223     0.01341     0.00000    -0.02706     0.00000    -0.10724
    11.35600     0.00000    -0.10271     0.06281     0.00000     0.08222     0.01328     0.00000    -0.02688     0.00000    -0.10802
    11.35700     0.00000    -0.10171     0.06290     0.00000     0.08221     0.01314     0.00000    -0.02670     0.00000    -0.10878
    11.35800     0.00000    -0.10072     0.06299     0.00000     0.08219     0.01301     0.00000    -0.02652     0.00000    -0.10955
    11.35900     0.00000    -0.09972     0.06309     0.00000     0.08217     0.01287     0.00000    -0.02634     0.00000    -0.11031
    11.36000     0.00000    -0.09872     0.06317     0.00000     0.08216     0.01274     0.00000    -0.02615     0.00000    -0.11107
    11.36100     0.00000    -0.09772     0.06326     0.00000     0.08214     0.01260     0.00000    -0.02597     0.00000    -0.11182
    11.36200     0.00000    -0.09672     0.06335     0.00000     0.08212     0.01246     0.00000    -0.02578     0.00000    -0.11257
    11.36300     0.00000    -0.09572     0.06344     0.00000     0.08210     0.01232     0.00000    -0.02560     0.00000    -0.11332
    11.36400     0.00000    -0.09471     0.06352     0.00000     0.08208     0.01218     0.00000    -0.02541     0.00000    -0.11406
    11.36500     0.00000    -0.09371     0.06361     0.00000     0.08206     0.01204     0.00000    -0.02522     0.00000    -0.11480
    11.36600     0.00000    -0.09270     0.06369     0.00000     0.08204     0.01190     0.00000    -0.02503     0.00000    -0.11553
    11.36700     0.00000    -0.09169     0.06377     0.00000     0.08202     0.01175     0.00000    -0.02484     0.00000    -0.11626
    11.36800     0.00000    -0.09068     0.06385     0.00000     0.08200     0.01161     0.00000    -0.02465     0.00000    -0.11699
    11.36900     0.00000    -0.08967     0.06393     0.00000     0.08197     0.01146     0.00000    -0.02446     0.00000    -0.11771
    11.37000     0.00000    -0.08866     0.06401     0.00000     0.08195     0.01132     0.00000    -0.02426     0.00000    -0.11843
    11.37100     0.00000    -0.08764     0.06408     0.00000     0.08192     0.01117     0.00000    -0.02407     0.00000    -0.11915
    11.37200     0.00000    -0.08663     0.06416     0.00000     0.08190     0.01102     0.00000    -0.02388     0.00000    -0.11986
    11.37300     0.00000    -0.08561     0.06424     0.00000     0.08187     0.01087     0.00000    -0.02368     0.00000    -0.12057
    11.37400     0.00000    -0.08459     0.06431     0.00000     0.08184     0.01072     0.00000    -0.02348     0.00000    -0.12127
    11.37500     0.00000    -0.08357     0.06438     0.00000     0.08181     0.01057     0.00000    -0.02329     0.00000    -0.12197
    11.37600     0.00000    -0.08255     0.06445     0.00000     0.08178     0.01042     0.00000    -0.02309     0.00000    -0.12267
    11.37700     0.00000    -0.08153     0.06452     0.00000     0.08175     0.01027     0.00000    -0.02289     0.00000    -0.12336
    11.37800     0.00000    -0.08051     0.06459     0.00000     0.08172     0.01011     0.00000    -0.02269     0.00000    -0.12404
    11.37900     0.00000    -0.07948     0.06466     0.00000     0.08169     0.00996     0.00000    -0.02249     0.00000    -0.12473
    11.38000     0.00000    -0.07846     0.06473     0.00000     0.08166     0.00981     0.00000    -0.02229     0.00000    -0.12540
    11.38100     0.00000    -0.07743     0.06479     0.00000     0.08163     0.00965     0.00000    -0.02209     0.00000    -0.12608
    11.38200     0.00000    -0.07640     0.06486     0.00000     0.08159     0.00949     0.00000    -0.02188     0.00000    -0.12675
    11.38300     0.00000    -0.07537     0.06492     0.00000     0.08156     0.00933     0.00000    -0.02168     0.00000    -0.12741
    11.38400     0.00000    -0.07434     0.06498     0.00000     0.08152     0.00918     0.00000    -0.02148     0.00000    -0.12808
    11.38500     0.00000    -0.07330     0.06505     0.00000     0.08149     0.00902     0.00000    -0.02127     0.00000    -0.12873
    11.38600     0.00000    -0.07227     0.06511     0.00000     0.08145     0.00886     0.00000    -0.02107     0.00000    -0.12939
    11.38700     0.00000    -0.07124     0.06516     0.00000     0.08141     0.00870     0.00000    -0.02086     0.00000    -0.13003
    11.38800     0.00000    -0.07020     0.06522     0.00000     0.08137     0.00853     0.00000    -0.02065     0.00000    -0.13068
    11.38900     0.00000    -0.06916     0.06528     0.00000     0.08134     0.00837     0.00000    -0.02044     0.00000    -0.13132
    11.39000     0.00000    -0.06812     0.06533     0.00000     0.08130     0.00821     0.00000    -0.02023     0.00000    -0.13195
    11.39100     0.00000    -0.06708     0.06539     0.00000     0.08125     0.00804     0.00000    -0.02002     0.00000    -0.13258
    11.39200     0.00000    -0.06604     0.06544     0.00000     0.08121     0.00788     0.00000    -0.01981     0.00000    -0.13321
    11.39300     0.00000    -0.06500     0.06549     0.00000     0.08117     0.00771     0.00000    -0.01960     0.00000    -0.13383
    11.39400     0.00000    -0.06396     0.06554     0.00000     0.08113     0.00755     0.00000    -0.01939     0.00000    -0.13444
    11.39500     0.00000    -0.06291     0.06559     0.00000     0.08108     0.00738     0.00000    -0.01918     0.00000    -0.13506
    11.39600     0.00000    -0.06187     0.06564     0.00000     0.08104     0.00721     0.00000    -0.01896     0.00000    -0.13566
    11.39700     0.00000    -0.06082     0.06569     0.00000     0.08099     0.00704     0.00000    -0.01875     0.00000    -0.13627
    11.39800     0.00000    -0.05977     0.06573     0.00000     0.08095     0.00687     0.00000    -0.01853     0.00000    -0.13686
    11.39900     0.00000    -0.05872     0.06578     0.00000     0.08090     0.00670     0.00000    -0.01832     0.00000    -0.13746
    11.40000     0.00000    -0.05767     0.06582     0.00000     0.08085     0.00653     0.00000    -0.01810     0.00000    -0.13805
    11.40100     0.00000    -0.05662     0.06586     0.00000     0.08080     0.00636     0.00000    -0.01788     0.00000    -0.13863
    11.40200     0.00000    -0.05557     0.06591     0.00000     0.08076     0.00619     0.00000    -0.01767     0.00000    -0.13921
    11.40300     0.00000    -0.05451     0.06595     0.00000     0.08071     0.00602     0.00000    -0.01745     0.00000    -0.13978
    11.40400     0.00000    -0.05346     0.06598     0.00000     0.08066     0.00584     0.00000    -0.01723     0.00000    -0.14035
    11.40500     0.00000    -0.05240     0.06602     0.00000     0.08060     0.00567     0.00000    -0.01701     0.00000    -0.14092
    11.40600     0.00000    -0.05135     0.06606     0.00000     0.08055     0.00550     0.00000    -0.01679     0.00000    -0.14147
    11.40700     0.00000    -0.05029     0.06609     0.00000     0.08050     0.00532     0.00000    -0.01657     0.00000    -0.14203
    11.40800     0.00000    -0.04923     0.06613     0.00000     0.08044     0.00514     0.00000    -0.01634     0.00000    -0.14258
    11.40900     0.00000    -0.04817     0.06616     0.00000     0.08039     0.00497     0.00000    -0.01612     0.00000    -0.14312
    11.41000     0.00000    -0.04711     0.06619     0.00000     0.08033     0.00479     0.00000    -0.01590     0.00000    -0.14366
    11.41100     0.00000    -0.04605     0.06622     0.00000     0.08028     0.00461     0.00000    -0.01567     0.00000    -0.14420
    11.41200     0.00000    -0.04498     0.06625     0.00000     0.08022     0.00443     0.00000    -0.01545     0.00000    -0.14473
    11.41300     0.00000    -0.04392     0.06628     0.00000     0.08016     0.00426     0.00000    -0.01522     0.00000    -0.14525
    11.41400     0.00000    -0.04286     0.06630     0.00000     0.08011     0.00408     0.00000    -0.01500     0.00000    -0.14577
    11.41500     0.00000    -0.04179     0.06633     0.00000     0.08005     0.00390     0.00000    -0.01477     0.00000    -0.14628
    11.41600     0.00000    -0.04072     0.06635     0.00000     0.07999     0.00372     0.00000    -0.01454     0.00000    -0.14679
    11.41700     0.00000    -0.03966     0.06637     0.00000     0.07993     0.00353     0.00000    -0.01431     0.00000    -0.14730
    11.41800     0.00000    -0.03859     0.06640     0.00000     0.07986     0.00335     0.00000    -0.01409     0.00000    -0.14780
    11.41900     0.00000    -0.03752     0.06642     0.00000     0.07980     0.00317     0.00000    -0.01386     0.00000    -0.14829
    11.42000     0.00000    -0.03645     0.06643     0.00000     0.07974     0.00299     0.00000    -0.01363     0.00000    -0.14878
    11.42100     0.00000    -0.03538     0.06645     0.00000     0.07968     0.00281     0.00000    -0.01340     0.00000    -0.14926
    11.42200     0.00000    -0.03430     0.06647     0.00000     0.07961     0.00262     0.00000    -0.01316     0.00000    -0.14974
    11.42300     0.00000    -0.03323     0.06648     0.00000     0.07955     0.00244     0.00000    -0.01293     0.00000    -0.15021
    11.42400     0.00000    -0.03216     0.06650     0.00000     0.07948     0.00225     0.00000    -0.01270     0.00000    -0.15068
    11.42500     0.00000    -0.03108     0.06651     0.00000     0.07941     0.00207     0.00000    -0.01247     0.00000    -0.15114
    11.42600     0.00000    -0.03001     0.06652     0.00000     0.07935     0.00188     0.00000    -0.01223     0.00000    -0.15160
    11.42700     0.00000    -0.02893     0.06653     0.00000     0.07928     0.00170     0.00000    -0.01200     0.00000    -0.15205
    11.42800     0.00000    -0.02785     0.06654     0.00000     0.07921     0.00151     0.00000    -0.01177     0.00000    -0.15249
    11.42900     0.00000    -0.02677     0.06655     0.00000     0.07914     0.00132     0.00000    -0.01153     0.00000    -0.15293
    11.43000     0.00000    -0.02569     0.06655     0.00000     0.07907     0.00114     0.00000    -0.01129     0.00000    -0.15337
    11.43100     0.00000    -0.02462     0.06656     0.00000     0.07900     0.00095     0.00000    -0.01106     0.00000    -0.15380
    11.43200     0.00000    -0.02353     0.06656     0.00000     0.07893     0.00076     0.00000    -0.01082     0.00000    -0.15422
    11.43300     0.00000    -0.02245     0.06656     0.00000     0.07885     0.00057     0.00000    -0.01058     0.00000    -0.15464
    11.43400     0.00000    -0.02137     0.06656     0.00000     0.07878     0.00039     0.00000    -0.01035     0.00000    -0.15506
    11.43500     0.00000    -0.02029     0.06656     0.00000     0.07870     0.00020     0.00000    -0.01011     0.00000    -0.15546
    11.43600     0.00000    -0.01920     0.06656     0.00000     0.07863     0.00001     0.00000    -0.00987     0.00000    -0.15587
    11.43700     0.00000    -0.01812     0.06656     0.00000     0.07855    -0.00018     0.00000    -0.00963     0.00000    -0.15626
    11.43800     0.00000    -0.01704     0.06655     0.00000     0.07848    -0.00037     0.00000    -0.00939     0.00000    -0.15665
    11.43900     0.00000    -0.01595     0.06655     0.00000     0.07840    -0.00056     0.00000    -0.00915     0.00000    -0.15704
    11.44000     0.00000    -0.01486     0.06654     0.00000     0.07832    -0.00075     0.00000    -0.00891     0.00000    -0.15742
    11.44100     0.00000    -0.01378     0.06653     0.00000     0.07824    -0.00094     0.00000    -0.00867     0.00000    -0.15779
    11.44200     0.00000    -0.01269     0.06652     0.00000     0.07816    -0.00113     0.00000    -0.00843     0.00000    -0.15816
    11.44300     0.00000    -0.01160     0.06651     0.00000     0.07808    -0.00132     0.00000    -0.00818     0.00000    -0.15852
    11.44400     0.00000    -0.01051     0.06650     0.00000     0.07800    -0.00152     0.00000    -0.00794     0.00000    -0.15888
    11.44500     0.00000    -0.00942     0.06649     0.00000     0.07792    -0.00171     0.00000    -0.00770     0.00000    -0.15923
    11.44600     0.00000    -0.00833     0.06647     0.00000     0.07784    -0.00190     0.00000    -0.00745     0.00000    -0.15958
    11.44700     0.00000    -0.00724     0.06645     0.00000     0.07775    -0.00209     0.00000    -0.00721     0.00000    -0.15992
    11.44800     0.00000    -0.00615     0.06644     0.00000     0.07767    -0.00228     0.00000    -0.00696     0.00000    -0.16025
    11.44900     0.00000    -0.00505     0.06642     0.00000     0.07758    -0.00247     0.00000    -0.00672     0.00000    -0.16058
    11.45000     0.00000    -0.00396     0.06640     0.00000     0.07750    -0.00267     0.00000    -0.00647     0.00000    -0.16091
    11.45100     0.00000    -0.00287     0.06637     0.00000     0.07741    -0.00286     0.00000    -0.00623     0.00000    -0.16122
    11.45200     0.00000    -0.00177     0.06635     0.00000     0.07733    -0.00305     0.00000    -0.00598     0.00000    -0.16153
    11.45300     0.00000    -0.00068     0.06633     0.00000     0.07724    -0.00324     0.00000    -0.00574     0.00000    -0.16184
    11.45400     0.00000     0.00042     0.06630     0.00000     0.07715    -0.00344     0.00000    -0.00549     0.00000    -0.16214
    11.45500     0.00000     0.00151     0.06627     0.00000     0.07706    -0.00363     0.00000    -0.00524     0.00000    -0.16243
    11.45600     0.00000     0.00261     0.06624     0.00000     0.07697    -0.00382     0.00000    -0.00499     0.00000    -0.16272
    11.45700     0.00000     0.00371     0.06621     0.00000     0.07688    -0.00402     0.00000    -0.00475     0.00000    -0.16300
    11.45800     0.00000     0.00480     0.06618     0.00000     0.07679    -0.00421     0.00000    -0.00450     0.00000    -0.16328
    11.45900     0.00000     0.00590     0.06615     0.00000     0.07669    -0.00440     0.00000    -0.00425     0.00000    -0.16355
    11.46000     0.00000     0.00700     0.06612     0.00000     0.07660    -0.00460     0.00000    -0.00400     0.00000    -0.16382
    11.46100     0.00000     0.00810     0.06608     0.00000     0.07651    -0.00479     0.00000    -0.00375     0.00000    -0.16407
    11.46200     0.00000     0.00920     0.06604     0.00000     0.07641    -0.00498     0.00000    -0.00350     0.00000    -0.16433
    11.46300     0.00000     0.01030     0.06601     0.00000     0.07632    -0.00518     0.00000    -0.00325     0.00000    -0.16457
    11.46400     0.00000     0.01140     0.06597     0.00000     0.07622    -0.00537     0.00000    -0.00300     0.00000    -0.16482
    11.46500     0.00000     0.01250     0.06592     0.00000     0.07612    -0.00556     0.00000    -0.00275     0.00000    -0.16505
    11.46600     0.00000     0.01360     0.06588     0.00000     0.07602    -0.00576     0.00000    -0.00250     0.00000    -0.16528
    11.46700     0.00000     0.01470     0.06584     0.00000     0.07593    -0.00595     0.00000    -0.00224     0.00000    -0.16550
    11.46800     0.00000     0.01581     0.06579     0.00000     0.07583    -0.00614     0.00000    -0.00199     0.00000    -0.16572
    11.46900     0.00000     0.01691     0.06575     0.00000     0.07573    -0.00633     0.00000    -0.00174     0.00000    -0.16593
    11.47000     0.00000     0.01801     0.06570     0.00000     0.07563    -0.00653     0.00000    -0.00149     0.00000    -0.16614
    11.47100     0.00000     0.01912     0.06565     0.00000     0.07552    -0.00672     0.00000    -0.00123     0.00000    -0.16633
    11.47200     0.00000     0.02022     0.06560     0.00000     0.07542    -0.00691     0.00000    -0.00098     0.00000    -0.16653
    11.47300     0.00000     0.02132     0.06554     0.00000     0.07532    -0.00711     0.00000    -0.00073     0.00000    -0.16671
    11.47400     0.00000     0.02243     0.06549     0.00000     0.07521    -0.00730     0.00000    -0.00047     0.00000    -0.16690
    11.47500     0.00000     0.02353     0.06544     0.00000     0.07511    -0.00749     0.00000    -0.00022     0.00000    -0.16707
    11.47600     0.00000     0.02464     0.06538     0.00000     0.07500    -0.00768     0.00000     0.00003     0.00000    -0.16724
    11.47700     0.00000     0.02575     0.06532     0.00000     0.07490    -0.00787     0.00000     0.00029     0.00000    -0.16740
    11.47800     0.00000     0.02685     0.06526     0.00000     0.07479    -0.00807     0.00000     0.00054     0.00000    -0.16756
    11.47900     0.00000     0.02796     0.06520     0.00000     0.07468    -0.00826     0.00000     0.00080     0.00000    -0.16771
    11.48000     0.00000     0.02906     0.06514     0.00000     0.07458    -0.00845     0.00000     0.00105     0.00000    -0.16785
    11.48100     0.00000     0.03017     0.06507     0.00000     0.07447    -0.00864     0.00000     0.00131     0.00000    -0.16799
    11.48200     0.00000     0.03128     0.06501     0.00000     0.07436    -0.00883     0.00000     0.00156     0.00000    -0.16812
    11.48300     0.00000     0.03239     0.06494     0.00000     0.07425    -0.00902     0.00000     0.00182     0.00000    -0.16825
    11.48400     0.00000     0.03349     0.06487     0.00000     0.07413    -0.00921     0.00000     0.00207     0.00000    -0.16837
    11.48500     0.00000     0.03460     0.06480     0.00000     0.07402    -0.00940     0.00000     0.00233     0.00000    -0.16848
    11.48600     0.00000     0.03571     0.06473     0.00000     0.07391    -0.00959     0.00000     0.00259     0.00000    -0.16859
    11.48700     0.00000     0.03682     0.06466     0.00000     0.07380    -0.00978     0.00000     0.00284     0.00000    -0.16869
    11.48800     0.00000     0.03793     0.06459     0.00000     0.07368    -0.00997     0.00000     0.00310     0.00000    -0.16879
    11.48900     0.00000     0.03904     0.06451     0.00000     0.07357    -0.01016     0.00000     0.00336     0.00000    -0.16888
    11.49000     0.00000     0.04015     0.06443     0.00000     0.07345    -0.01034     0.00000     0.00361     0.00000    -0.16896
    11.49100     0.00000     0.04126     0.06436     0.00000     0.07333    -0.01053     0.00000     0.00387     0.00000    -0.16904
    11.49200     0.00000     0.04237     0.06428     0.00000     0.07321    -0.01072     0.00000     0.00413     0.00000    -0.16911
    11.49300     0.00000     0.04348     0.06419     0.00000     0.07310    -0.01091     0.00000     0.00438     0.00000    -0.16917
    11.49400     0.00000     0.04459     0.06411     0.00000     0.07298    -0.01109     0.00000     0.00464     0.00000    -0.16923
    11.49500     0.00000     0.04570     0.06403     0.00000     0.07286    -0.01128     0.00000     0.00490     0.00000    -0.16928
    11.49600     0.00000     0.04681     0.06394     0.00000     0.07274    -0.01147     0.00000     0.00516     0.00000    -0.16933
    11.49700     0.00000     0.04792     0.06385     0.00000     0.07262    -0.01165     0.00000     0.00541     0.00000    -0.16937
    11.49800     0.00000     0.04903     0.06377     0.00000     0.07249    -0.01184     0.00000     0.00567     0.00000    -0.16940
    11.49900     0.00000     0.05014     0.06368     0.00000     0.07237    -0.01202     0.00000     0.00593     0.00000    -0.16943
    11.50000     0.00000     0.05125     0.06358     0.00000     0.07225    -0.01221     0.00000     0.00619     0.00000    -0.16945
    11.50100     0.00000     0.05236     0.06349     0.00000     0.07212    -0.01239     0.00000     0.00645     0.00000    -0.16946
    11.50200     0.00000     0.05347     0.06340     0.00000     0.07200    -0.01257     0.00000     0.00670     0.00000    -0.16947
    11.50300     0.00000     0.05458     0.06330     0.00000     0.07187    -0.01275     0.00000     0.00696     0.00000    -0.16947
    11.50400     0.00000     0.05569     0.06320     0.00000     0.07175    -0.01294     0.00000     0.00722     0.00000    -0.16947
    11.50500     0.00000     0.05680     0.06310     0.00000     0.07162    -0.01312     0.00000     0.00748     0.00000    -0.16946
    11.50600     0.00000     0.05791     0.06300     0.00000     0.07149    -0.01330     0.00000     0.00774     0.00000    -0.16944
    11.50700     0.00000     0.05903     0.06290     0.00000     0.07136    -0.01348     0.00000     0.00799     0.00000    -0.16942
    11.50800     0.00000     0.06014     0.06280     0.00000     0.07123    -0.01366     0.00000     0.00825     0.00000    -0.16939
    11.50900     0.00000     0.06125     0.06269     0.00000     0.07110    -0.01384     0.00000     0.00851     0.00000    -0.16935
    11.51000     0.00000     0.06236     0.06259     0.00000     0.07097    -0.01402     0.00000     0.00877     0.00000    -0.16931
    11.51100     0.00000     0.06347     0.06248     0.00000     0.07084    -0.01420     0.00000     0.00903     0.00000    -0.16927
    11.51200     0.00000     0.06458     0.06237     0.00000     0.07071    -0.01437     0.00000     0.00929     0.00000    -0.16921
    11.51300     0.00000     0.06569     0.06226     0.00000     0.07057    -0.01455     0.00000     0.00954     0.00000    -0.16915
    11.51400     0.00000     0.06680     0.06215     0.00000     0.07044    -0.01473     0.00000     0.00980     0.00000    -0.16908
    11.51500     0.00000     0.06792     0.06203     0.00000     0.07030    -0.01490     0.00000     0.01006     0.00000    -0.16901
    11.51600     0.00000     0.06903     0.06192     0.00000     0.07017    -0.01508     0.00000     0.01032     0.00000    -0.16893
    11.51700     0.00000     0.07014     0.06180     0.00000     0.07003    -0.01525     0.00000     0.01058     0.00000    -0.16885
    11.51800     0.00000     0.07125     0.06168     0.00000     0.06989    -0.01542     0.00000     0.01084     0.00000    -0.16876
    11.51900     0.00000     0.07236     0.06156     0.00000     0.06976    -0.01560     0.00000     0.01109     0.00000    -0.16866
    11.52000     0.00000     0.07347     0.06144     0.00000     0.06962    -0.01577     0.00000     0.01135     0.00000    -0.16855
    11.52100     0.00000     0.07458     0.06132     0.00000     0.06948    -0.01594     0.00000     0.01161     0.00000    -0.16844
    11.52200     0.00000     0.07569     0.06119     0.00000     0.06934    -0.01611     0.00000     0.01187     0.00000    -0.16833
    11.52300     0.00000     0.07680     0.06107     0.00000     0.06920    -0.01628     0.00000     0.01213     0.00000    -0.16820
    11.52400     0.00000     0.07791     0.06094     0.00000     0.06905    -0.01645     0.00000     0.01238     0.00000    -0.16807
    11.52500     0.00000     0.07902     0.06081     0.00000     0.06891    -0.01662     0.00000     0.01264     0.00000    -0.16794
    11.52600     0.00000     0.08013     0.06068     0.00000     0.06877    -0.01679     0.00000     0.01290     0.00000    -0.16780
    11.52700     0.00000     0.08124     0.06055     0.00000     0.06863    -0.01695     0.00000     0.01316     0.00000    -0.16765
    11.52800     0.00000     0.08235     0.06041     0.00000     0.06848    -0.01712     0.00000     0.01341     0.00000    -0.16750
    11.52900     0.00000     0.08346     0.06028     0.00000     0.06833    -0.01728     0.00000     0.01367     0.00000    -0.16734
    11.53000     0.00000     0.08457     0.06014     0.00000     0.06819    -0.01745     0.00000     0.01393     0.00000    -0.16717
    11.53100     0.00000     0.08568     0.06001     0.00000     0.06804    -0.01761     0.00000     0.01418     0.00000    -0.16700
    11.53200     0.00000     0.08679     0.05987     0.00000     0.06789    -0.01777     0.00000     0.01444     0.00000    -0.16682
    11.53300     0.00000     0.08789     0.05973     0.00000     0.06775    -0.01794     0.00000     0.01470     0.00000    -0.16663
    11.53400     0.00000     0.08900     0.05958     0.00000     0.06760    -0.01810     0.00000     0.01495     0.00000    -0.16644
    11.53500     0.00000     0.09011     0.05944     0.00000     0.06745    -0.01826     0.00000     0.01521     0.00000    -0.16624
    11.53600     0.00000     0.09122     0.05929     0.00000     0.06730    -0.01842     0.00000     0.01547     0.00000    -0.16604
    11.53700     0.00000     0.09232     0.05915     0.00000     0.06714    -0.01858     0.00000     0.01572     0.00000    -0.16583
    11.53800     0.00000     0.09343     0.05900     0.00000     0.06699    -0.01873     0.00000     0.01598     0.00000    -0.16561
    11.53900     0.00000     0.09454     0.05885     0.00000     0.06684    -0.01889     0.00000     0.01623     0.00000    -0.16539
    11.54000     0.00000     0.09564     0.05870     0.00000     0.06669    -0.01904     0.00000     0.01649     0.00000    -0.16516
    11.54100     0.00000     0.09675     0.05854     0.00000     0.06653    -0.01920     0.00000     0.01675     0.00000    -0.16493
    11.54200     0.00000     0.09786     0.05839     0.00000     0.06638    -0.01935     0.00000     0.01700     0.00000    -0.16469
    11.54300     0.00000     0.09896     0.05823     0.00000     0.06622    -0.01951     0.00000     0.01726     0.00000    -0.16444
    11.54400     0.00000     0.10007     0.05808     0.00000     0.06606    -0.01966     0.00000     0.01751     0.00000    -0.16419
    11.54500     0.00000     0.10117     0.05792     0.00000     0.06591    -0.01981     0.00000     0.01776     0.00000    -0.16393
    11.54600     0.00000     0.10227     0.05776     0.00000     0.06575    -0.01996     0.00000     0.01802     0.00000    -0.16366
    11.54700     0.00000     0.10338     0.05759     0.00000     0.06559    -0.02011     0.00000     0.01827     0.00000    -0.16339
    11.54800     0.00000     0.10448     0.05743     0.00000     0.06543    -0.02025     0.00000     0.01853     0.00000    -0.16311
    11.54900     0.00000     0.10558     0.05727     0.00000     0.06527    -0.02040     0.00000     0.01878     0.00000    -0.16283
    11.55000     0.00000     0.10669     0.05710     0.00000     0.06511    -0.02055     0.00000     0.01903     0.00000    -0.16254
    11.55100     0.00000     0.10779     0.05693     0.00000     0.06495    -0.02069     0.00000     0.01929     0.00000    -0.16224
    11.55200     0.00000     0.10889     0.05676     0.00000     0.06478    -0.02083     0.00000     0.01954     0.00000    -0.16194
    11.55300     0.00000     0.10999     0.05659     0.00000     0.06462    -0.02098     0.00000     0.01979     0.00000    -0.16163
    11.55400     0.00000     0.11109     0.05642     0.00000     0.06445    -0.02112     0.00000     0.02004     0.00000    -0.16132
    11.55500     0.00000     0.11219     0.05625     0.00000     0.06429    -0.02126     0.00000     0.02029     0.00000    -0.16100
    11.55600     0.00000     0.11329     0.05607     0.00000     0.06412    -0.02140     0.00000     0.02055     0.00000    -0.16067
    11.55700     0.00000     0.11439     0.05589     0.00000     0.06396    -0.02154     0.00000     0.02080     0.00000    -0.16034
    11.55800     0.00000     0.11549     0.05572     0.00000     0.06379    -0.02167     0.00000     0.02105     0.00000    -0.16000
    11.55900     0.00000     0.11658     0.05554     0.00000     0.06362    -0.02181     0.00000     0.02130     0.00000    -0.15966
    11.56000     0.00000     0.11768     0.05536     0.00000     0.06345    -0.02195     0.00000     0.02155     0.00000    -0.15931
    11.56100     0.00000     0.11878     0.05517     0.00000     0.06329    -0.02208     0.00000     0.02180     0.00000    -0.15895
    11.56200     0.00000     0.11987     0.05499     0.00000     0.06312    -0.02221     0.00000     0.02205     0.00000    -0.15859
    11.56300     0.00000     0.12097     0.05480     0.00000     0.06294    -0.02234     0.00000     0.02230     0.00000    -0.15822
    11.56400     0.00000     0.12206     0.05462     0.00000     0.06277    -0.02247     0.00000     0.02254     0.00000    -0.15785
    11.56500     0.00000     0.12316     0.05443     0.00000     0.06260    -0.02260     0.00000     0.02279     0.00000    -0.15747
    11.56600     0.00000     0.12425     0.05424     0.00000     0.06243    -0.02273     0.00000     0.02304     0.00000    -0.15708
    11.56700     0.00000     0.12535     0.05405     0.00000     0.06225    -0.02286     0.00000     0.02329     0.00000    -0.15669
    11.56800     0.00000     0.12644     0.05386     0.00000     0.06208    -0.02298     0.00000     0.02354     0.00000    -0.15629
    11.56900     0.00000     0.12753     0.05366     0.00000     0.06190    -0.02311     0.00000     0.02378     0.00000    -0.15589
    11.57000     0.00000     0.12862     0.05347     0.00000     0.06173    -0.02323     0.00000     0.02403     0.00000    -0.15548
    11.57100     0.00000     0.12971     0.05327     0.00000     0.06155    -0.02335     0.00000     0.02428     0.00000    -0.15507
    11.57200     0.00000     0.13080     0.05307     0.00000     0.06138    -0.02347     0.00000     0.02452     0.00000    -0.15465
    11.57300     0.00000     0.13189     0.05287     0.00000     0.06120    -0.02359     0.00000     0.02477     0.00000    -0.15422
    11.57400     0.00000     0.13298     0.05267     0.00000     0.06102    -0.02371     0.00000     0.02501     0.00000    -0.15379
    11.57500     0.00000     0.13406     0.05247     0.00000     0.06084    -0.02383     0.00000     0.02526     0.00000    -0.15335
    11.57600     0.00000     0.13515     0.05226     0.00000     0.06066    -0.02395     0.00000     0.02550     0.00000    -0.15290
    11.57700     0.00000     0.13624     0.05206     0.00000     0.06048    -0.02406     0.00000     0.02574     0.00000    -0.15245
    11.57800     0.00000     0.13732     0.05185     0.00000     0.06030    -0.02417     0.00000     0.02599     0.00000    -0.15200
    11.57900     0.00000     0.13840     0.05164     0.00000     0.06011    -0.02429     0.00000     0.02623     0.00000    -0.15154
    11.58000     0.00000     0.13949     0.05143     0.00000     0.05993    -0.02440     0.00000     0.02647     0.00000    -0.15107
    11.58100     0.00000     0.14057     0.05122     0.00000     0.05975    -0.02451     0.00000     0.02672     0.00000    -0.15060
    11.58200     0.00000     0.14165     0.05101     0.00000     0.05956    -0.02462     0.00000     0.02696     0.00000    -0.15012
    11.58300     0.00000     0.14273     0.05080     0.00000     0.05938    -0.02472     0.00000     0.02720     0.00000    -0.14963
    11.58400     0.00000     0.14381     0.05058     0.00000     0.05919    -0.02483     0.00000     0.02744     0.00000    -0.14915
    11.58500     0.00000     0.14489     0.05036     0.00000     0.05901    -0.02493     0.00000     0.02768     0.00000    -0.14865
    11.58600     0.00000     0.14597     0.05015     0.00000     0.05882    -0.02504     0.00000     0.02792     0.00000    -0.14815
    11.58700     0.00000     0.14705     0.04993     0.00000     0.05863    -0.02514     0.00000     0.02816     0.00000    -0.14764
    11.58800     0.00000     0.14812     0.04971     0.00000     0.05844    -0.02524     0.00000     0.02840     0.00000    -0.14713
    11.58900     0.00000     0.14920     0.04949     0.00000     0.05825    -0.02534     0.00000     0.02863     0.00000    -0.14661
    11.59000     0.00000     0.15027     0.04926     0.00000     0.05806    -0.02544     0.00000     0.02887     0.00000    -0.14609
    11.59100     0.00000     0.15135     0.04904     0.00000     0.05787    -0.02554     0.00000     0.02911     0.00000    -0.14556
    11.59200     0.00000     0.15242     0.04881     0.00000     0.05768    -0.02563     0.00000     0.02934     0.00000    -0.14503
    11.59300     0.00000     0.15349     0.04858     0.00000     0.05749    -0.02573     0.00000     0.02958     0.00000    -0.14449
    11.59400     0.00000     0.15456     0.04836     0.00000     0.05729    -0.02582     0.00000     0.02982     0.00000    -0.14394
    11.59500     0.00000     0.15563     0.04813     0.00000     0.05710    -0.02591     0.00000     0.03005     0.00000    -0.14339
    11.59600     0.00000     0.15670     0.04790     0.00000     0.05691    -0.02600     0.00000     0.03029     0.00000    -0.14284
    11.59700     0.00000     0.15776     0.04766     0.00000     0.05671    -0.02609     0.00000     0.03052     0.00000    -0.14228
    11.59800     0.00000     0.15883     0.04743     0.00000     0.05652    -0.02618     0.00000     0.03075     0.00000    -0.14171
    11.59900     0.00000     0.15989     0.04719     0.00000     0.05632    -0.02626     0.00000     0.03099     0.00000    -0.14114
    11.60000     0.00000     0.16096     0.04696     0.00000     0.05612    -0.02635     0.00000     0.03122     0.00000    -0.14056
    11.60100     0.00000     0.16202     0.04672     0.00000     0.05593    -0.02643     0.00000     0.03145     0.00000    -0.13998
    11.60200     0.00000     0.16308     0.04648     0.00000     0.05573    -0.02651     0.00000     0.03168     0.00000    -0.13939
    11.60300     0.00000     0.16414     0.04624     0.00000     0.05553    -0.02659     0.00000     0.03191     0.00000    -0.13880
    11.60400     0.00000     0.16520     0.04600     0.00000     0.05533    -0.02667     0.00000     0.03214     0.00000    -0.13820
    11.60500     0.00000     0.16626     0.04576     0.00000     0.05513    -0.02675     0.00000     0.03237     0.00000    -0.13760
    11.60600     0.00000     0.16732     0.04552     0.00000     0.05493    -0.02683     0.00000     0.03260     0.00000    -0.13699
    11.60700     0.00000     0.16837     0.04527     0.00000     0.05473    -0.02690     0.00000     0.03283     0.00000    -0.13638
    11.60800     0.00000     0.16943     0.04502     0.00000     0.05452    -0.02698     0.00000     0.03306     0.00000    -0.13576
    11.60900     0.00000     0.17048     0.04478     0.00000     0.05432    -0.02705     0.00000     0.03328     0.00000    -0.13514
    11.61000     0.00000     0.17153     0.04453     0.00000     0.05412    -0.02712     0.00000     0.03351     0.00000    -0.13451
    11.61100     0.00000     0.17258     0.04428     0.00000     0.05391    -0.02719     0.00000     0.03373     0.00000    -0.13387
    11.61200     0.00000     0.17363     0.04403     0.00000     0.05371    -0.02726     0.00000     0.03396     0.00000    -0.13324
    11.61300     0.00000     0.17468     0.04378     0.00000     0.05350    -0.02732     0.00000     0.03418     0.00000    -0.13259
    11.61400     0.00000     0.17573     0.04352     0.00000     0.05330    -0.02739     0.00000     0.03441     0.00000    -0.13194
    11.61500     0.00000     0.17677     0.04327     0.00000     0.05309    -0.02745     0.00000     0.03463     0.00000    -0.13129
    11.61600     0.00000     0.17782     0.04301     0.00000     0.05288    -0.02751     0.00000     0.03485     0.00000    -0.13063
    11.61700     0.00000     0.17886     0.04276     0.00000     0.05267    -0.02758     0.00000     0.03508     0.00000    -0.12997
    11.61800     0.00000     0.17990     0.04250     0.00000     0.05246    -0.02764     0.00000     0.03530     0.00000    -0.12930
    11.61900     0.00000     0.18094     0.04224     0.00000     0.05225    -0.02769     0.00000     0.03552     0.00000    -0.12863
    11.62000     0.00000     0.18198     0.04198     0.00000     0.05204    -0.02775     0.00000     0.03574     0.00000    -0.12795
    11.62100     0.00000     0.18301     0.04172     0.00000     0.05183    -0.02781     0.00000     0.03596     0.00000    -0.12727
    11.62200     0.00000     0.18405     0.04145     0.00000     0.05162    -0.02786     0.00000     0.03618     0.00000    -0.12658
    11.62300     0.00000     0.18508     0.04119     0.00000     0.05141    -0.02791     0.00000     0.03639     0.00000    -0.12589
    11.62400     0.00000     0.18612     0.04093     0.00000     0.05120    -0.02796     0.00000     0.03661     0.00000    -0.12519
    11.62500     0.00000     0.18715     0.04066     0.00000     0.05099    -0.02801     0.00000     0.03683     0.00000    -0.12449
    11.62600     0.00000     0.18818     0.04039     0.00000     0.05077    -0.02806     0.00000     0.03704     0.00000    -0.12379
    11.62700     0.00000     0.18920     0.04013     0.00000     0.05056    -0.02811     0.00000     0.03726     0.00000    -0.12307
    11.62800     0.00000     0.19023     0.03986     0.00000     0.05034    -0.02815     0.00000     0.03747     0.00000    -0.12236
    11.62900     0.00000     0.19126     0.03959     0.00000     0.05013    -0.02820     0.00000     0.03769     0.00000    -0.12164
    11.63000     0.00000     0.19228     0.03932     0.00000     0.04991    -0.02824     0.00000     0.03790     0.00000    -0.12092
    11.63100     0.00000     0.19330     0.03905     0.00000     0.04969    -0.02828     0.00000     0.03811     0.00000    -0.12019
    11.63200     0.00000     0.19432     0.03877     0.00000     0.04948    -0.02832     0.00000     0.03832     0.00000    -0.11946
    11.63300     0.00000     0.19534     0.03850     0.00000     0.04926    -0.02836     0.00000     0.03853     0.00000    -0.11872
    11.63400     0.00000     0.19635     0.03823     0.00000     0.04904    -0.02840     0.00000     0.03875     0.00000    -0.11798
    11.63500     0.00000     0.19737     0.03795     0.00000     0.04882    -0.02843     0.00000     0.03895     0.00000    -0.11723
    11.63600     0.00000     0.19838     0.03767     0.00000     0.04860    -0.02846     0.00000     0.03916     0.00000    -0.11648
    11.63700     0.00000     0.19939     0.03740     0.00000     0.04838    -0.02850     0.00000     0.03937     0.00000    -0.11573
    11.63800     0.00000     0.20040     0.03712     0.00000     0.04816    -0.02853     0.00000     0.03958     0.00000    -0.11497
    11.63900     0.00000     0.20141     0.03684     0.00000     0.04794    -0.02856     0.00000     0.03979     0.00000    -0.11420
    11.64000     0.00000     0.20242     0.03656     0.00000     0.04772    -0.02859     0.00000     0.03999     0.00000    -0.11344
    11.64100     0.00000     0.20342     0.03628     0.00000     0.04749    -0.02861     0.00000     0.04020     0.00000    -0.11267
    11.64200     0.00000     0.20442     0.03599     0.00000     0.04727    -0.02864     0.00000     0.04040     0.00000    -0.11189
    11.64300     0.00000     0.20542     0.03571     0.00000     0.04705    -0.02866     0.00000     0.04060     0.00000    -0.11111
    11.64400     0.00000     0.20642     0.03543     0.00000     0.04682    -0.02868     0.00000     0.04081     0.00000    -0.11033
    11.64500     0.00000     0.20742     0.03514     0.00000     0.04660    -0.02871     0.00000     0.04101     0.00000    -0.10954
    11.64600     0.00000     0.20841     0.03486     0.00000     0.04637    -0.02872     0.00000     0.04121     0.00000    -0.10875
    11.64700     0.00000     0.20940     0.03457     0.00000     0.04615    -0.02874     0.00000     0.04141     0.00000    -0.10795
    11.64800     0.00000     0.21040     0.03428     0.00000     0.04592    -0.02876     0.00000     0.04161     0.00000    -0.10715
    11.64900     0.00000     0.21138     0.03399     0.00000     0.04570    -0.02877     0.00000     0.04181     0.00000    -0.10635
    11.65000     0.00000     0.21237     0.03371     0.00000     0.04547    -0.02879     0.00000     0.04201     0.00000    -0.10554
    11.65100     0.00000     0.21336     0.03342     0.00000     0.04524    -0.02880     0.00000     0.04220     0.00000    -0.10473
    11.65200     0.00000     0.21434     0.03313     0.00000     0.04501    -0.02881     0.00000     0.04240     0.00000    -0.10392
    11.65300     0.00000     0.21532     0.03283     0.00000     0.04478    -0.02882     0.00000     0.04260     0.00000    -0.10310
    11.65400     0.00000     0.21630     0.03254     0.00000     0.04456    -0.02883     0.00000     0.04279     0.00000    -0.10228
    11.65500     0.00000     0.21727     0.03225     0.00000     0.04433    -0.02884     0.00000     0.04299     0.00000    -0.10145
    11.65600     0.00000     0.21825     0.03196     0.00000     0.04410    -0.02884     0.00000     0.04318     0.00000    -0.10062
    11.65700     0.00000     0.21922     0.03166     0.00000     0.04386    -0.02885     0.00000     0.04337     0.00000    -0.09979
    11.65800     0.00000     0.22019     0.03137     0.00000     0.04363    -0.02885     0.00000     0.04356     0.00000    -0.09895
    11.65900     0.00000     0.22116     0.03107     0.00000     0.04340    -0.02885     0.00000     0.04375     0.00000    -0.09811
    11.66000     0.00000     0.22212     0.03078     0.00000     0.04317    -0.02885     0.00000     0.04394     0.00000    -0.09727
    11.66100     0.00000     0.22309     0.03048     0.00000     0.04294    -0.02885     0.00000     0.04413     0.00000    -0.09642
    11.66200     0.00000     0.22405     0.03018     0.00000     0.04270    -0.02884     0.00000     0.04432     0.00000    -0.09557
    11.66300     0.00000     0.22501     0.02988     0.00000     0.04247    -0.02884     0.00000     0.04451     0.00000    -0.09472
    11.66400     0.00000     0.22596     0.02958     0.00000     0.04224    -0.02883     0.00000     0.04470     0.00000    -0.09386
    11.66500     0.00000     0.22692     0.02929     0.00000     0.04200    -0.02883     0.00000     0.04488     0.00000    -0.09300
    11.66600     0.00000     0.22787     0.02899     0.00000     0.04177    -0.02882     0.00000     0.04507     0.00000    -0.09214
    11.66700     0.00000     0.22882     0.02868     0.00000     0.04153    -0.02881     0.00000     0.04525     0.00000    -0.09127
    11.66800     0.00000     0.22977     0.02838     0.00000     0.04130    -0.02879     0.00000     0.04543     0.00000    -0.09040
    11.66900     0.00000     0.23071     0.02808     0.00000     0.04106    -0.02878     0.00000     0.04562     0.00000    -0.08953
    11.67000     0.00000     0.23165     0.02778     0.00000     0.04083    -0.02877     0.00000     0.04580     0.00000    -0.08865
    11.67100     0.00000     0.23259     0.02748     0.00000     0.04059    -0.02875     0.00000     0.04598     0.00000    -0.08777
    11.67200     0.00000     0.23353     0.02717     0.00000     0.04035    -0.02873     0.00000     0.04616     0.00000    -0.08689
    11.67300     0.00000     0.23446     0.02687     0.00000     0.04012    -0.02872     0.00000     0.04634     0.00000    -0.08601
    11.67400     0.00000     0.23540     0.02657     0.00000     0.03988    -0.02870     0.00000     0.04652     0.00000    -0.08512
    11.67500     0.00000     0.23633     0.02626     0.00000     0.03964    -0.02867     0.00000     0.04669     0.00000    -0.08423
    11.67600     0.00000     0.23725     0.02596     0.00000     0.03940    -0.02865     0.00000     0.04687     0.00000    -0.08333
    11.67700     0.00000     0.23818     0.02565     0.00000     0.03916    -0.02863     0.00000     0.04704     0.00000    -0.08244
    11.67800     0.00000     0.23910     0.02535     0.00000     0.03892    -0.02860     0.00000     0.04722     0.00000    -0.08154
    11.67900     0.00000     0.24002     0.02504     0.00000     0.03868    -0.02858     0.00000     0.04739     0.00000    -0.08063
    11.68000     0.00000     0.24093     0.02473     0.00000     0.03844    -0.02855     0.00000     0.04756     0.00000    -0.07973
    11.68100     0.00000     0.24185     0.02443     0.00000     0.03820    -0.02852     0.00000     0.04774     0.00000    -0.07882
    11.68200     0.00000     0.24276     0.02412     0.00000     0.03796    -0.02849     0.00000     0.04791     0.00000    -0.07791
    11.68300     0.00000     0.24367     0.02381     0.00000     0.03772    -0.02846     0.00000     0.04808     0.00000    -0.07700
    11.68400     0.00000     0.24457     0.02350     0.00000     0.03748    -0.02842     0.00000     0.04825     0.00000    -0.07608
    11.68500     0.00000     0.24547     0.02319     0.00000     0.03724    -0.02839     0.00000     0.04841     0.00000    -0.07516
    11.68600     0.00000     0.24637     0.02289     0.00000     0.03700    -0.02835     0.00000     0.04858     0.00000    -0.07424
    11.68700     0.00000     0.24727     0.02258     0.00000     0.03676    -0.02831     0.00000     0.04875     0.00000    -0.07332
    11.68800     0.00000     0.24817     0.02227     0.00000     0.03651    -0.02828     0.00000     0.04891     0.00000    -0.07240
    11.68900     0.00000     0.24906     0.02196     0.00000     0.03627    -0.02823     0.00000     0.04908     0.00000    -0.07147
    11.69000     0.00000     0.24994     0.02165     0.00000     0.03603    -0.02819     0.00000     0.04924     0.00000    -0.07054
    11.69100     0.00000     0.25083     0.02134     0.00000     0.03578    -0.02815     0.00000     0.04940     0.00000    -0.06961
    11.69200     0.00000     0.25171     0.02103     0.00000     0.03554    -0.02811     0.00000     0.04957     0.00000    -0.06867
    11.69300     0.00000     0.25259     0.02072     0.00000     0.03530    -0.02806     0.00000     0.04973     0.00000    -0.06773
    11.69400     0.00000     0.25347     0.02041     0.00000     0.03505    -0.02801     0.00000     0.04989     0.00000    -0.06679
    11.69500     0.00000     0.25434     0.02010     0.00000     0.03481    -0.02797     0.00000     0.05004     0.00000    -0.06585
    11.69600     0.00000     0.25521     0.01979     0.00000     0.03457    -0.02792     0.00000     0.05020     0.00000    -0.06491
    11.69700     0.00000     0.25608     0.01947     0.00000     0.03432    -0.02787     0.00000     0.05036     0.00000    -0.06397
    11.69800     0.00000     0.25694     0.01916     0.00000     0.03408    -0.02782     0.00000     0.05052     0.00000    -0.06302
    11.69900     0.00000     0.25780     0.01885     0.00000     0.03383    -0.02776     0.00000     0.05067     0.00000    -0.06207
    11.70000     0.00000     0.25866     0.01854     0.00000     0.03359    -0.02771     0.00000     0.05082     0.00000    -0.06112
    11.70100     0.00000     0.25951     0.01823     0.00000     0.03334    -0.02765     0.00000     0.05098     0.00000    -0.06017
    11.70200     0.00000     0.26036     0.01792     0.00000     0.03310    -0.02760     0.00000     0.05113     0.00000    -0.05921
    11.70300     0.00000     0.26121     0.01761     0.00000     0.03285    -0.02754     0.00000     0.05128     0.00000    -0.05825
    11.70400     0.00000     0.26205     0.01730     0.00000     0.03261    -0.02748     0.00000     0.05143     0.00000    -0.05730
    11.70500     0.00000     0.26289     0.01698     0.00000     0.03236    -0.02742     0.00000     0.05158     0.00000    -0.05634
    11.70600     0.00000     0.26373     0.01667     0.00000     0.03212    -0.02736     0.00000     0.05173     0.00000    -0.05537
    11.70700     0.00000     0.26456     0.01636     0.00000     0.03187    -0.02729     0.00000     0.05188     0.00000    -0.05441
    11.70800     0.00000     0.26539     0.01605     0.00000     0.03162    -0.02723     0.00000     0.05202     0.00000    -0.05345
    11.70900     0.00000     0.26622     0.01574     0.00000     0.03138    -0.02716     0.00000     0.05217     0.00000    -0.05248
    11.71000     0.00000     0.26705     0.01543     0.00000     0.03113    -0.02710     0.00000     0.05231     0.00000    -0.05151
    11.71100     0.00000     0.26787     0.01512     0.00000     0.03089    -0.02703     0.00000     0.05245     0.00000    -0.05054
    11.71200     0.00000     0.26868     0.01481     0.00000     0.03064    -0.02696     0.00000     0.05260     0.00000    -0.04957
    11.71300     0.00000     0.26949     0.01450     0.00000     0.03039    -0.02689     0.00000     0.05274     0.00000    -0.04860
    11.71400     0.00000     0.27030     0.01419     0.00000     0.03015    -0.02682     0.00000     0.05288     0.00000    -0.04763
    11.71500     0.00000     0.27111     0.01388     0.00000     0.02990    -0.02674     0.00000     0.05302     0.00000    -0.04665
    11.71600     0.00000     0.27191     0.01357     0.00000     0.02966    -0.02667     0.00000     0.05316     0.00000    -0.04568
    11.71700     0.00000     0.27271     0.01326     0.00000     0.02941    -0.02660     0.00000     0.05329     0.00000    -0.04470
    11.71800     0.00000     0.27350     0.01295     0.00000     0.02916    -0.02652     0.00000     0.05343     0.00000    -0.04372
    11.71900     0.00000     0.27429     0.01264     0.00000     0.02892    -0.02644     0.00000     0.05356     0.00000    -0.04274
    11.72000     0.00000     0.27508     0.01233     0.00000     0.02867    -0.02636     0.00000     0.05370     0.00000    -0.04176
    11.72100     0.00000     0.27586     0.01202     0.00000     0.02842    -0.02628     0.00000     0.05383     0.00000    -0.04078
    11.72200     0.00000     0.27664     0.01171     0.00000     0.02818    -0.02620     0.00000     0.05396     0.00000    -0.03980
    11.72300     0.00000     0.27742     0.01140     0.00000     0.02793    -0.02612     0.00000     0.05410     0.00000    -0.03881
    11.72400     0.00000     0.27819     0.01109     0.00000     0.02769    -0.02604     0.00000     0.05423     0.00000    -0.03783
    11.72500     0.00000     0.27896     0.01079     0.00000     0.02744    -0.02595     0.00000     0.05435     0.00000    -0.03684
    11.72600     0.00000     0.27972     0.01048     0.00000     0.02719    -0.02587     0.00000     0.05448     0.00000    -0.03586
    11.72700     0.00000     0.28048     0.01017     0.00000     0.02695    -0.02578     0.00000     0.05461     0.00000    -0.03487
    11.72800     0.00000     0.28123     0.00986     0.00000     0.02670    -0.02570     0.00000     0.05474     0.00000    -0.03388
    11.72900     0.00000     0.28198     0.00956     0.00000     0.02646    -0.02561     0.00000     0.05486     0.00000    -0.03289
    11.73000     0.00000     0.28273     0.00925     0.00000     0.02621    -0.02552     0.00000     0.05498     0.00000    -0.03191
    11.73100     0.00000     0.28347     0.00895     0.00000     0.02597    -0.02543     0.00000     0.05511     0.00000    -0.03092
    11.73200     0.00000     0.28421     0.00864     0.00000     0.02572    -0.02533     0.00000     0.05523     0.00000    -0.02993
    11.73300     0.00000     0.28495     0.00834     0.00000     0.02548    -0.02524     0.00000     0.05535     0.00000    -0.02893
    11.73400     0.00000     0.28568     0.00803     0.00000     0.02523    -0.02515     0.00000     0.05547     0.00000    -0.02794
    11.73500     0.00000     0.28640     0.00773     0.00000     0.02499    -0.02505     0.00000     0.05559     0.00000    -0.02695
    11.73600     0.00000     0.28713     0.00743     0.00000     0.02474    -0.02496     0.00000     0.05571     0.00000    -0.02596
    11.73700     0.00000     0.28784     0.00713     0.00000     0.02450    -0.02486     0.00000     0.05582     0.00000    -0.02497
    11.73800     0.00000     0.28856     0.00682     0.00000     0.02425    -0.02476     0.00000     0.05594     0.00000    -0.02397
    11.73900     0.00000     0.28927     0.00652     0.00000     0.02401    -0.02466     0.00000     0.05605     0.00000    -0.02298
    11.74000     0.00000     0.28997     0.00622     0.00000     0.02377    -0.02456     0.00000     0.05617     0.00000    -0.02199
    11.74100     0.00000     0.29067     0.00592     0.00000     0.02352    -0.02446     0.00000     0.05628     0.00000    -0.02099
    11.74200     0.00000     0.29137     0.00562     0.00000     0.02328    -0.02436     0.00000     0.05639     0.00000    -0.02000
    11.74300     0.00000     0.29206     0.00533     0.00000     0.02304    -0.02426     0.00000     0.05650     0.00000    -0.01900
    11.74400     0.00000     0.29274     0.00503     0.00000     0.02280    -0.02415     0.00000     0.05661     0.00000    -0.01801
    11.74500     0.00000     0.29342     0.00473     0.00000     0.02255    -0.02405     0.00000     0.05672     0.00000    -0.01702
    11.74600     0.00000     0.29410     0.00443     0.00000     0.02231    -0.02394     0.00000     0.05682     0.00000    -0.01602
    11.74700     0.00000     0.29477     0.00414     0.00000     0.02207    -0.02383     0.00000     0.05693     0.00000    -0.01503
