    11.01900    -0.16916    -0.00653
    11.02000    -0.16880    -0.00654
    11.02100    -0.16845    -0.00654
    11.02200    -0.16809    -0.00655
    11.02300    -0.16773    -0.00655
    11.02400    -0.16738    -0.00655
    11.02500    -0.16702    -0.00656
    11.02600    -0.16666    -0.00656
    11.02700    -0.16630    -0.00657
    11.02800    -0.16595    -0.00657
    11.02900    -0.16559    -0.00657
    11.03000    -0.16523    -0.00658
    11.03100    -0.16487    -0.00658
    11.03200    -0.16451    -0.00658
    11.03300    -0.16415    -0.00658
    11.03400    -0.16379    -0.00659
    11.03500    -0.16344    -0.00659
    11.03600    -0.16308    -0.00659
    11.03700    -0.16272    -0.00659
    11.03800    -0.16236    -0.00659
    11.03900    -0.16200    -0.00659
    11.04000    -0.16164    -0.00660
    11.04100    -0.16128    -0.00660
    11.04200    -0.16092    -0.00660
    11.04300    -0.16057    -0.00660
    11.04400    -0.16021    -0.00660
    11.04500    -0.15985    -0.00660
    11.04600    -0.15949    -0.00660
    11.04700    -0.15913    -0.00660
    11.04800    -0.15878    -0.00660
    11.04900    -0.15842    -0.00660
    11.05000    -0.15806    -0.00659
    11.05100    -0.15771    -0.00659
    11.05200    -0.15735    -0.00659
    11.05300    -0.15700    -0.00659
    11.05400    -0.15664    -0.00659
    11.05500    -0.15629    -0.00659
    11.05600    -0.15594    -0.00658
    11.05700    -0.15558    -0.00658
    11.05800    -0.15523    -0.00658
    11.05900    -0.15488    -0.00658
    11.06000    -0.15453    -0.00657
    11.06100    -0.15418    -0.00657
    11.06200    -0.15383    -0.00657
    11.06300    -0.15348    -0.00657
    11.06400    -0.15313    -0.00656
    11.06500    -0.15279    -0.00656
    11.06600    -0.15244    -0.00655
    11.06700    -0.15209    -0.00655
    11.06800    -0.15175    -0.00655
    11.06900    -0.15140    -0.00654
    11.07000    -0.15106    -0.00654
    11.07100    -0.15072    -0.00653
    11.07200    -0.15038    -0.00653
    11.07300    -0.15003    -0.00652
    11.07400    -0.14969    -0.00652
    11.07500    -0.14936    -0.00651
    11.07600    -0.14902    -0.00651
    11.07700    -0.14868    -0.00650
    11.07800    -0.14834    -0.00649
    11.07900    -0.14801    -0.00649
    11.08000    -0.14768    -0.00648
    11.08100    -0.14734    -0.00647
    11.08200    -0.14701    -0.00647
    11.08300    -0.14668    -0.00646
    11.08400    -0.14635    -0.00645
    11.08500    -0.14602    -0.00645
    11.08600    -0.14569    -0.00644
    11.08700    -0.14537    -0.00643
    11.08800    -0.14504    -0.00642
    11.08900    -0.14472    -0.00642
    11.09000    -0.14439    -0.00641
    11.09100    -0.14407    -0.00640
    11.09200    -0.14375    -0.00639
    11.09300    -0.14343    -0.00638
    11.09400    -0.14311    -0.00638
    11.09500    -0.14279    -0.00637
    11.09600    -0.14248    -0.00636
    11.09700    -0.14216    -0.00635
    11.09800    -0.14185    -0.00634
    11.09900    -0.14154    -0.00633
    11.10000    -0.14123    -0.00632
    11.10100    -0.14092    -0.00631
    11.10200    -0.14061    -0.00630
    11.10300    -0.14030    -0.00629
    11.10400    -0.14000    -0.00628
    11.10500    -0.13969    -0.00627
    11.10600    -0.13939    -0.00626
    11.10700    -0.13909    -0.00625
    11.10800    -0.13878    -0.00624
    11.10900    -0.13849    -0.00623
    11.11000    -0.13819    -0.00622
    11.11100    -0.13789    -0.00621
    11.11200    -0.13760    -0.00620
    11.11300    -0.13730    -0.00618
    11.11400    -0.13701    -0.00617
    11.11500    -0.13672    -0.00616
    11.11600    -0.13643    -0.00615
    11.11700    -0.13614    -0.00614
    11.11800    -0.13585    -0.00613
    11.11900    -0.13557    -0.00611
    11.12000    -0.13528    -0.00610
    11.12100    -0.13500    -0.00609
    11.12200    -0.13472    -0.00608
    11.12300    -0.13444    -0.00606
    11.12400    -0.13416    -0.00605
    11.12500    -0.13388    -0.00604
    11.12600    -0.13361    -0.00602
    11.12700    -0.13333    -0.00601
    11.12800    -0.13306    -0.00600
    11.12900    -0.13279    -0.00598
    11.13000    -0.13252    -0.00597
    11.13100    -0.13225    -0.00596
    11.13200    -0.13198    -0.00594
    11.13300    -0.13171    -0.00593
    11.13400    -0.13145    -0.00592
    11.13500    -0.13118    -0.00590
    11.13600    -0.13092    -0.00589
    11.13700    -0.13066    -0.00587
    11.13800    -0.13040    -0.00586
    11.13900    -0.13014    -0.00584
    11.14000    -0.12989    -0.00583
    11.14100    -0.12963    -0.00581
    11.14200    -0.12938    -0.00580
    11.14300    -0.12913    -0.00578
    11.14400    -0.12887    -0.00577
    11.14500    -0.12862    -0.00575
    11.14600    -0.12838    -0.00574
    11.14700    -0.12813    -0.00572
    11.14800    -0.12788    -0.00571
    11.14900    -0.12764    -0.00569
    11.15000    -0.12740    -0.00568
    11.15100    -0.12715    -0.00566
    11.15200    -0.12691    -0.00564
    11.15300    -0.12667    -0.00563
    11.15400    -0.12644    -0.00561
    11.15500    -0.12620    -0.00560
    11.15600    -0.12596    -0.00558
    11.15700    -0.12573    -0.00556
    11.15800    -0.12550    -0.00555
    11.15900    -0.12527    -0.00553
    11.16000    -0.12504    -0.00551
    11.16100    -0.12481    -0.00550
    11.16200    -0.12458    -0.00548
    11.16300    -0.12435    -0.00546
    11.16400    -0.12413    -0.00545
    11.16500    -0.12390    -0.00543
    11.16600    -0.12368    -0.00541
    11.16700    -0.12346    -0.00539
    11.16800    -0.12324    -0.00538
    11.16900    -0.12302    -0.00536
    11.17000    -0.12280    -0.00534
    11.17100    -0.12258    -0.00532
    11.17200    -0.12236    -0.00531
    11.17300    -0.12215    -0.00529
    11.17400    -0.12194    -0.00527
    11.17500    -0.12172    -0.00525
    11.17600    -0.12151    -0.00523
    11.17700    -0.12130    -0.00522
    11.17800    -0.12109    -0.00520
    11.17900    -0.12088    -0.00518
    11.18000    -0.12067    -0.00516
    11.18100    -0.12047    -0.00514
    11.18200    -0.12026    -0.00512
    11.18300    -0.12006    -0.00511
    11.18400    -0.11985    -0.00509
    11.18500    -0.11965    -0.00507
    11.18600    -0.11945    -0.00505
    11.18700    -0.11925    -0.00503
    11.18800    -0.11905    -0.00501
    11.18900    -0.11885    -0.00499
    11.19000    -0.11865    -0.00497
    11.19100    -0.11845    -0.00496
    11.19200    -0.11826    -0.00494
    11.19300    -0.11806    -0.00492
    11.19400    -0.11786    -0.00490
    11.19500    -0.11767    -0.00488
    11.19600    -0.11748    -0.00486
    11.19700    -0.11728    -0.00484
    11.19800    -0.11709    -0.00482
    11.19900    -0.11690    -0.00480
    11.20000    -0.11671    -0.00478
    11.20100    -0.11652    -0.00476
    11.20200    -0.11633    -0.00474
    11.20300    -0.11614    -0.00472
    11.20400    -0.11595    -0.00470
    11.20500    -0.11577    -0.00468
    11.20600    -0.11558    -0.00466
    11.20700    -0.11539    -0.00464
    11.20800    -0.11521    -0.00462
    11.20900    -0.11502    -0.00460
    11.21000    -0.11484    -0.00458
    11.21100    -0.11465    -0.00456
    11.21200    -0.11447    -0.00454
    11.21300    -0.11429    -0.00452
    11.21400    -0.11410    -0.00450
    11.21500    -0.11392    -0.00448
    11.21600    -0.11374    -0.00446
    11.21700    -0.11356    -0.00444
    11.21800    -0.11338    -0.00442
    11.21900    -0.11320    -0.00440
    11.22000    -0.11302    -0.00438
    11.22100    -0.11283    -0.00436
    11.22200    -0.11265    -0.00434
    11.22300    -0.11247    -0.00432
    11.22400    -0.11230    -0.00430
    11.22500    -0.11212    -0.00428
    11.22600    -0.11194    -0.00426
    11.22700    -0.11176    -0.00424
    11.22800    -0.11158    -0.00422
    11.22900    -0.11140    -0.00420
    11.23000    -0.11122    -0.00418
    11.23100    -0.11104    -0.00416
    11.23200    -0.11086    -0.00414
    11.23300    -0.11068    -0.00411
    11.23400    -0.11051    -0.00409
    11.23500    -0.11033    -0.00407
    11.23600    -0.11015    -0.00405
    11.23700    -0.10997    -0.00403
    11.23800    -0.10979    -0.00401
    11.23900    -0.10961    -0.00399
    11.24000    -0.10943    -0.00397
    11.24100    -0.10925    -0.00395
    11.24200    -0.10907    -0.00393
    11.24300    -0.10889    -0.00391
    11.24400    -0.10871    -0.00389
    11.24500    -0.10853    -0.00387
    11.24600    -0.10835    -0.00385
    11.24700    -0.10817    -0.00382
    11.24800    -0.10799    -0.00380
    11.24900    -0.10781    -0.00378
    11.25000    -0.10763    -0.00376
    11.25100    -0.10744    -0.00374
    11.25200    -0.10726    -0.00372
    11.25300    -0.10708    -0.00370
    11.25400    -0.10689    -0.00368
    11.25500    -0.10671    -0.00366
    11.25600    -0.10652    -0.00364
    11.25700    -0.10634    -0.00362
    11.25800    -0.10615    -0.00360
    11.25900    -0.10597    -0.00358
    11.26000    -0.10578    -0.00355
    11.26100    -0.10559    -0.00353
    11.26200    -0.10540    -0.00351
    11.26300    -0.10521    -0.00349
    11.26400    -0.10502    -0.00347
    11.26500    -0.10483    -0.00345
    11.26600    -0.10464    -0.00343
    11.26700    -0.10445    -0.00341
    11.26800    -0.10426    -0.00339
    11.26900    -0.10406    -0.00337
    11.27000    -0.10387    -0.00335
    11.27100    -0.10367    -0.00333
    11.27200    -0.10348    -0.00331
    11.27300    -0.10328    -0.00329
    11.27400    -0.10308    -0.00327
    11.27500    -0.10288    -0.00325
    11.27600    -0.10268    -0.00323
    11.27700    -0.10248    -0.00320
    11.27800    -0.10227    -0.00318
    11.27900    -0.10207    -0.00316
    11.28000    -0.10187    -0.00314
    11.28100    -0.10166    -0.00312
    11.28200    -0.10145    -0.00310
    11.28300    -0.10124    -0.00308
    11.28400    -0.10103    -0.00306
    11.28500    -0.10082    -0.00304
    11.28600    -0.10061    -0.00302
    11.28700    -0.10040    -0.00300
    11.28800    -0.10018    -0.00298
    11.28900    -0.09997    -0.00296
    11.29000    -0.09975    -0.00294
    11.29100    -0.09953    -0.00292
    11.29200    -0.09931    -0.00290
    11.29300    -0.09909    -0.00288
    11.29400    -0.09886    -0.00286
    11.29500    -0.09864    -0.00284
    11.29600    -0.09841    -0.00282
    11.29700    -0.09818    -0.00280
    11.29800    -0.09795    -0.00278
    11.29900    -0.09772    -0.00277
    11.30000    -0.09749    -0.00275
    11.30100    -0.09725    -0.00273
    11.30200    -0.09702    -0.00271
    11.30300    -0.09678    -0.00269
    11.30400    -0.09654    -0.00267
    11.30500    -0.09630    -0.00265
    11.30600    -0.09605    -0.00263
    11.30700    -0.09581    -0.00261
    11.30800    -0.09556    -0.00259
    11.30900    -0.09531    -0.00257
    11.31000    -0.09506    -0.00255
    11.31100    -0.09481    -0.00254
    11.31200    -0.09456    -0.00252
    11.31300    -0.09430    -0.00250
    11.31400    -0.09404    -0.00248
    11.31500    -0.09378    -0.00246
    11.31600    -0.09352    -0.00244
    11.31700    -0.09325    -0.00242
    11.31800    -0.09299    -0.00241
    11.31900    -0.09272    -0.00239
    11.32000    -0.09245    -0.00237
    11.32100    -0.09217    -0.00235
    11.32200    -0.09190    -0.00233
    11.32300    -0.09162    -0.00232
    11.32400    -0.09134    -0.00230
    11.32500    -0.09106    -0.00228
    11.32600    -0.09077    -0.00226
    11.32700    -0.09049    -0.00224
    11.32800    -0.09020    -0.00223
    11.32900    -0.08991    -0.00221
    11.33000    -0.08961    -0.00219
    11.33100    -0.08932    -0.00217
    11.33200    -0.08902    -0.00216
    11.33300    -0.08872    -0.00214
    11.33400    -0.08841    -0.00212
    11.33500    -0.08811    -0.00211
    11.33600    -0.08780    -0.00209
    11.33700    -0.08749    -0.00207
    11.33800    -0.08718    -0.00206
    11.33900    -0.08686    -0.00204
    11.34000    -0.08654    -0.00202
    11.34100    -0.08622    -0.00201
    11.34200    -0.08590    -0.00199
    11.34300    -0.08557    -0.00197
    11.34400    -0.08524    -0.00196
    11.34500    -0.08491    -0.00194
    11.34600    -0.08457    -0.00192
    11.34700    -0.08423    -0.00191
    11.34800    -0.08389    -0.00189
    11.34900    -0.08355    -0.00188
    11.35000    -0.08320    -0.00186
    11.35100    -0.08286    -0.00185
    11.35200    -0.08250    -0.00183
    11.35300    -0.08215    -0.00182
    11.35400    -0.08179    -0.00180
    11.35500    -0.08143    -0.00179
    11.35600    -0.08107    -0.00177
    11.35700    -0.08070    -0.00176
    11.35800    -0.08033    -0.00174
    11.35900    -0.07996    -0.00173
    11.36000    -0.07958    -0.00171
    11.36100    -0.07920    -0.00170
    11.36200    -0.07882    -0.00168
    11.36300    -0.07844    -0.00167
    11.36400    -0.07805    -0.00165
    11.36500    -0.07766    -0.00164
    11.36600    -0.07726    -0.00163
    11.36700    -0.07687    -0.00161
    11.36800    -0.07647    -0.00160
    11.36900    -0.07606    -0.00159
    11.37000    -0.07566    -0.00157
    11.37100    -0.07525    -0.00156
    11.37200    -0.07483    -0.00155
    11.37300    -0.07441    -0.00153
    11.37400    -0.07399    -0.00152
    11.37500    -0.07357    -0.00151
    11.37600    -0.07314    -0.00149
    11.37700    -0.07271    -0.00148
    11.37800    -0.07228    -0.00147
    11.37900    -0.07184    -0.00146
    11.38000    -0.07140    -0.00145
    11.38100    -0.07096    -0.00143
    11.38200    -0.07051    -0.00142
    11.38300    -0.07006    -0.00141
    11.38400    -0.06960    -0.00140
    11.38500    -0.06915    -0.00139
    11.38600    -0.06868    -0.00137
    11.38700    -0.06822    -0.00136
    11.38800    -0.06775    -0.00135
    11.38900    -0.06728    -0.00134
    11.39000    -0.06680    -0.00133
    11.39100    -0.06632    -0.00132
    11.39200    -0.06584    -0.00131
    11.39300    -0.06535    -0.00130
    11.39400    -0.06486    -0.00129
    11.39500    -0.06437    -0.00128
    11.39600    -0.06387    -0.00127
    11.39700    -0.06337    -0.00126
    11.39800    -0.06286    -0.00125
    11.39900    -0.06235    -0.00124
    11.40000    -0.06184    -0.00123
    11.40100    -0.06132    -0.00122
    11.40200    -0.06080    -0.00121
    11.40300    -0.06028    -0.00120
    11.40400    -0.05975    -0.00119
    11.40500    -0.05921    -0.00118
    11.40600    -0.05868    -0.00118
    11.40700    -0.05814    -0.00117
    11.40800    -0.05759    -0.00116
    11.40900    -0.05705    -0.00115
    11.41000    -0.05649    -0.00114
    11.41100    -0.05594    -0.00113
    11.41200    -0.05538    -0.00113
    11.41300    -0.05482    -0.00112
    11.41400    -0.05425    -0.00111
    11.41500    -0.05368    -0.00110
    11.41600    -0.05310    -0.00110
    11.41700    -0.05252    -0.00109
    11.41800    -0.05194    -0.00108
    11.41900    -0.05135    -0.00108
    11.42000    -0.05076    -0.00107
    11.42100    -0.05016    -0.00106
    11.42200    -0.04956    -0.00106
    11.42300    -0.04896    -0.00105
    11.42400    -0.04835    -0.00105
    11.42500    -0.04774    -0.00104
    11.42600    -0.04712    -0.00103
    11.42700    -0.04650    -0.00103
    11.42800    -0.04588    -0.00102
    11.42900    -0.04525    -0.00102
    11.43000    -0.04461    -0.00101
    11.43100    -0.04398    -0.00101
    11.43200    -0.04333    -0.00100
    11.43300    -0.04269    -0.00100
    11.43400    -0.04204    -0.00099
    11.43500    -0.04139    -0.00099
    11.43600    -0.04073    -0.00099
    11.43700    -0.04006    -0.00098
    11.43800    -0.03940    -0.00098
    11.43900    -0.03873    -0.00098
    11.44000    -0.03805    -0.00097
    11.44100    -0.03737    -0.00097
    11.44200    -0.03669    -0.00097
    11.44300    -0.03600    -0.00096
    11.44400    -0.03531    -0.00096
    11.44500    -0.03461    -0.00096
    11.44600    -0.03391    -0.00095
    11.44700    -0.03320    -0.00095
    11.44800    -0.03249    -0.00095
    11.44900    -0.03178    -0.00095
    11.45000    -0.03106    -0.00095
    11.45100    -0.03034    -0.00095
    11.45200    -0.02961    -0.00094
    11.45300    -0.02888    -0.00094
    11.45400    -0.02814    -0.00094
    11.45500    -0.02740    -0.00094
    11.45600    -0.02666    -0.00094
    11.45700    -0.02591    -0.00094
    11.45800    -0.02515    -0.00094
    11.45900    -0.02439    -0.00094
    11.46000    -0.02363    -0.00094
    11.46100    -0.02286    -0.00094
    11.46200    -0.02209    -0.00094
    11.46300    -0.02132    -0.00094
    11.46400    -0.02054    -0.00094
    11.46500    -0.01975    -0.00094
    11.46600    -0.01896    -0.00094
    11.46700    -0.01817    -0.00094
    11.46800    -0.01737    -0.00094
    11.46900    -0.01657    -0.00095
    11.47000    -0.01576    -0.00095
    11.47100    -0.01495    -0.00095
    11.47200    -0.01413    -0.00095
    11.47300    -0.01331    -0.00095
    11.47400    -0.01249    -0.00095
    11.47500    -0.01166    -0.00096
    11.47600    -0.01082    -0.00096
    11.47700    -0.00999    -0.00096
    11.47800    -0.00914    -0.00097
    11.47900    -0.00830    -0.00097
    11.48000    -0.00744    -0.00097
    11.48100    -0.00659    -0.00098
    11.48200    -0.00573    -0.00098
    11.48300    -0.00486    -0.00098
    11.48400    -0.00399    -0.00099
    11.48500    -0.00312    -0.00099
    11.48600    -0.00224    -0.00100
    11.48700    -0.00135    -0.00100
    11.48800    -0.00047    -0.00100
    11.48900     0.00043    -0.00101
    11.49000     0.00132    -0.00101
    11.49100     0.00223    -0.00102
    11.49200     0.00313    -0.00103
    11.49300     0.00404    -0.00103
    11.49400     0.00496    -0.00104
    11.49500     0.00588    -0.00104
    11.49600     0.00680    -0.00105
    11.49700     0.00773    -0.00106
    11.49800     0.00866    -0.00106
    11.49900     0.00960    -0.00107
    11.50000     0.01054    -0.00107
    11.50100     0.01149    -0.00108
    11.50200     0.01244    -0.00109
    11.50300     0.01339    -0.00110
    11.50400     0.01435    -0.00110
    11.50500     0.01532    -0.00111
    11.50600     0.01628    -0.00112
    11.50700     0.01726    -0.00113
    11.50800     0.01823    -0.00114
    11.50900     0.01922    -0.00114
    11.51000     0.02020    -0.00115
    11.51100     0.02119    -0.00116
    11.51200     0.02219    -0.00117
    11.51300     0.02319    -0.00118
    11.51400     0.02419    -0.00119
    11.51500     0.02520    -0.00120
    11.51600     0.02621    -0.00121
    11.51700     0.02723    -0.00122
    11.51800     0.02825    -0.00123
    11.51900     0.02928    -0.00124
    11.52000     0.03031    -0.00125
    11.52100     0.03134    -0.00126
    11.52200     0.03238    -0.00127
    11.52300     0.03343    -0.00128
    11.52400     0.03447    -0.00129
    11.52500     0.03553    -0.00130
    11.52600     0.03658    -0.00131
    11.52700     0.03764    -0.00132
    11.52800     0.03871    -0.00133
    11.52900     0.03978    -0.00135
    11.53000     0.04085    -0.00136
    11.53100     0.04193    -0.00137
    11.53200     0.04301    -0.00138
    11.53300     0.04410    -0.00139
    11.53400     0.04519    -0.00141
    11.53500     0.04628    -0.00142
    11.53600     0.04738    -0.00143
    11.53700     0.04849    -0.00145
    11.53800     0.04959    -0.00146
    11.53900     0.05071    -0.00147
    11.54000     0.05182    -0.00149
    11.54100     0.05294    -0.00150
    11.54200     0.05407    -0.00151
    11.54300     0.05519    -0.00153
    11.54400     0.05633    -0.00154
    11.54500     0.05746    -0.00156
    11.54600     0.05860    -0.00157
    11.54700     0.05975    -0.00159
    11.54800     0.06090    -0.00160
    11.54900     0.06205    -0.00162
    11.55000     0.06321    -0.00163
    11.55100     0.06437    -0.00165
    11.55200     0.06553    -0.00166
    11.55300     0.06670    -0.00168
    11.55400     0.06787    -0.00169
    11.55500     0.06905    -0.00171
    11.55600     0.07023    -0.00173
    11.55700     0.07142    -0.00174
    11.55800     0.07260    -0.00176
    11.55900     0.07380    -0.00178
    11.56000     0.07499    -0.00179
    11.56100     0.07619    -0.00181
    11.56200     0.07740    -0.00183
    11.56300     0.07860    -0.00184
    11.56400     0.07981    -0.00186
    11.56500     0.08103    -0.00188
    11.56600     0.08225    -0.00190
    11.56700     0.08347    -0.00192
    11.56800     0.08470    -0.00193
    11.56900     0.08593    -0.00195
    11.57000     0.08716    -0.00197
    11.57100     0.08840    -0.00199
    11.57200     0.08964    -0.00201
    11.57300     0.09088    -0.00203
    11.57400     0.09213    -0.00205
    11.57500     0.09338    -0.00206
    11.57600     0.09464    -0.00208
    11.57700     0.09590    -0.00210
    11.57800     0.09716    -0.00212
    11.57900     0.09842    -0.00214
    11.58000     0.09969    -0.00216
    11.58100     0.10097    -0.00218
    11.58200     0.10224    -0.00220
    11.58300     0.10352    -0.00222
    11.58400     0.10480    -0.00224
    11.58500     0.10609    -0.00227
    11.58600     0.10738    -0.00229
    11.58700     0.10867    -0.00231
    11.58800     0.10997    -0.00233
    11.58900     0.11127    -0.00235
    11.59000     0.11257    -0.00237
    11.59100     0.11387    -0.00239
    11.59200     0.11518    -0.00241
    11.59300     0.11649    -0.00244
    11.59400     0.11781    -0.00246
    11.59500     0.11912    -0.00248
    11.59600     0.12044    -0.00250
    11.59700     0.12177    -0.00253
    11.59800     0.12309    -0.00255
    11.59900     0.12442    -0.00257
    11.60000     0.12576    -0.00259
    11.60100     0.12709    -0.00262
    11.60200     0.12843    -0.00264
    11.60300     0.12977    -0.00266
    11.60400     0.13111    -0.00269
    11.60500     0.13246    -0.00271
    11.60600     0.13381    -0.00273
    11.60700     0.13516    -0.00276
    11.60800     0.13651    -0.00278
    11.60900     0.13787    -0.00281
    11.61000     0.13923    -0.00283
    11.61100     0.14059    -0.00285
    11.61200     0.14196    -0.00288
    11.61300     0.14332    -0.00290
    11.61400     0.14469    -0.00293
    11.61500     0.14606    -0.00295
    11.61600     0.14744    -0.00298
    11.61700     0.14882    -0.00300
    11.61800     0.15019    -0.00303
    11.61900     0.15158    -0.00305
    11.62000     0.15296    -0.00308
    11.62100     0.15434    -0.00311
    11.62200     0.15573    -0.00313
    11.62300     0.15712    -0.00316
    11.62400     0.15851    -0.00318
    11.62500     0.15991    -0.00321
    11.62600     0.16130    -0.00324
    11.62700     0.16270    -0.00326
    11.62800     0.16410    -0.00329
    11.62900     0.16550    -0.00332
    11.63000     0.16691    -0.00334
    11.63100     0.16831    -0.00337
    11.63200     0.16972    -0.00340
    11.63300     0.17113    -0.00342
    11.63400     0.17254    -0.00345
    11.63500     0.17395    -0.00348
    11.63600     0.17537    -0.00350
    11.63700     0.17679    -0.00353
    11.63800     0.17820    -0.00356
    11.63900     0.17962    -0.00359
    11.64000     0.18104    -0.00362
    11.64100     0.18246    -0.00364
    11.64200     0.18389    -0.00367
    11.64300     0.18531    -0.00370
    11.64400     0.18674    -0.00373
    11.64500     0.18817    -0.00376
    11.64600     0.18959    -0.00378
    11.64700     0.19102    -0.00381
    11.64800     0.19246    -0.00384
    11.64900     0.19389    -0.00387
    11.65000     0.19532    -0.00390
    11.65100     0.19676    -0.00393
    11.65200     0.19819    -0.00396
    11.65300     0.19963    -0.00399
    11.65400     0.20106    -0.00401
    11.65500     0.20250    -0.00404
    11.65600     0.20394    -0.00407
    11.65700     0.20538    -0.00410
    11.65800     0.20682    -0.00413
    11.65900     0.20826    -0.00416
    11.66000     0.20970    -0.00419
    11.66100     0.21114    -0.00422
    11.66200     0.21259    -0.00425
    11.66300     0.21403    -0.00428
    11.66400     0.21547    -0.00431
    11.66500     0.21692    -0.00434
    11.66600     0.21836    -0.00437
    11.66700     0.21981    -0.00440
    11.66800     0.22125    -0.00443
    11.66900     0.22270    -0.00446
    11.67000     0.22414    -0.00449
    11.67100     0.22559    -0.00452
    11.67200     0.22704    -0.00455
    11.67300     0.22848    -0.00458
    11.67400     0.22993    -0.00461
    11.67500     0.23137    -0.00464
    11.67600     0.23282    -0.00468
    11.67700     0.23426    -0.00471
    11.67800     0.23571    -0.00474
    11.67900     0.23715    -0.00477
    11.68000     0.23860    -0.00480
    11.68100     0.24004    -0.00483
    11.68200     0.24149    -0.00486
    11.68300     0.24293    -0.00489
    11.68400     0.24437    -0.00492
    11.68500     0.24582    -0.00495
    11.68600     0.24726    -0.00498
    11.68700     0.24870    -0.00502
    11.68800     0.25014    -0.00505
    11.68900     0.25158    -0.00508
    11.69000     0.25302    -0.00511
    11.69100     0.25446    -0.00514
    11.69200     0.25590    -0.00517
    11.69300     0.25733    -0.00520
    11.69400     0.25877    -0.00524
    11.69500     0.26020    -0.00527
    11.69600     0.26164    -0.00530
    11.69700     0.26307    -0.00533
    11.69800     0.26450    -0.00536
    11.69900     0.26593    -0.00539
    11.70000     0.26736    -0.00542
    11.70100     0.26879    -0.00545
    11.70200     0.27022    -0.00549
    11.70300     0.27164    -0.00552
    11.70400     0.27306    -0.00555
    11.70500     0.27449    -0.00558
    11.70600     0.27591    -0.00561
    11.70700     0.27732    -0.00564
    11.70800     0.27874    -0.00568
    11.70900     0.28016    -0.00571
    11.71000     0.28157    -0.00574
    11.71100     0.28298    -0.00577
    11.71200     0.28439    -0.00580
    11.71300     0.28580    -0.00583
    11.71400     0.28721    -0.00586
    11.71500     0.28861    -0.00589
    11.71600     0.29001    -0.00593
    11.71700     0.29141    -0.00596
    11.71800     0.29281    -0.00599
    11.71900     0.29421    -0.00602
    11.72000     0.29560    -0.00605
    11.72100     0.29699    -0.00608
    11.72200     0.29838    -0.00611
    11.72300     0.29977    -0.00614
    11.72400     0.30115    -0.00617
    11.72500     0.30253    -0.00621
    11.72600     0.30391    -0.00624
    11.72700     0.30529    -0.00627
    11.72800     0.30666    -0.00630
    11.72900     0.30803    -0.00633
    11.73000     0.30940    -0.00636
    11.73100     0.31076    -0.00639
    11.73200     0.31213    -0.00642
    11.73300     0.31349    -0.00645
    11.73400     0.31484    -0.00648
    11.73500     0.31620    -0.00651
    11.73600     0.31755    -0.00654
    11.73700     0.31889    -0.00657
    11.73800     0.32024    -0.00660
    11.73900     0.32158    -0.00663
    11.74000     0.32292    -0.00666
    11.74100     0.32425    -0.00669
    11.74200     0.32558    -0.00672
    11.74300     0.32691    -0.00675
    11.74400     0.32823    -0.00678
    11.74500     0.32955    -0.00681
    11.74600     0.33087    -0.00684
    11.74700     0.33219    -0.00687
