    11.01900     3.52245     0.00000     0.00000     0.48948     0.00000     0.00000     0.60012
    11.02000     3.52294     0.00000     0.00000     0.48709     0.00000     0.00000     0.60012
    11.02100     3.52343     0.00000     0.00000     0.48471     0.00000     0.00000     0.60012
    11.02200     3.52391     0.00000     0.00000     0.48233     0.00000     0.00000     0.60012
    11.02300     3.52439     0.00000     0.00000     0.47996     0.00000     0.00000     0.60012
    11.02400     3.52487     0.00000     0.00000     0.47759     0.00000     0.00000     0.60012
    11.02500     3.52535     0.00000     0.00000     0.47523     0.00000     0.00000     0.60012
    11.02600     3.52582     0.00000     0.00000     0.47287     0.00000     0.00000     0.60012
    11.02700     3.52629     0.00000     0.00000     0.47051     0.00000     0.00000     0.60012
    11.02800     3.52676     0.00000     0.00000     0.46816     0.00000     0.00000     0.60012
    11.02900     3.52723     0.00000     0.00000     0.46581     0.00000     0.00000     0.60012
    11.03000     3.52770     0.00000     0.00000     0.46347     0.00000     0.00000     0.60012
    11.03100     3.52816     0.00000     0.00000     0.46113     0.00000     0.00000     0.60012
    11.03200     3.52862     0.00000     0.00000     0.45880     0.00000     0.00000     0.60012
    11.03300     3.52908     0.00000     0.00000     0.45646     0.00000     0.00000     0.60012
    11.03400     3.52953     0.00000     0.00000     0.45414     0.00000     0.00000     0.60012
    11.03500     3.52998     0.00000     0.00000     0.45182     0.00000     0.00000     0.60012
    11.03600     3.53043     0.00000     0.00000     0.44950     0.00000     0.00000     0.60012
    11.03700     3.53088     0.00000     0.00000     0.44719     0.00000     0.00000     0.60012
    11.03800     3.53133     0.00000     0.00000     0.44488     0.00000     0.00000     0.60012
    11.03900     3.53177     0.00000     0.00000     0.44257     0.00000     0.00000     0.60012
    11.04000     3.53221     0.00000     0.00000     0.44028     0.00000     0.00000     0.60012
    11.04100     3.53265     0.00000     0.00000     0.43798     0.00000     0.00000     0.60012
    11.04200     3.53309     0.00000     0.00000     0.43569     0.00000     0.00000     0.60012
    11.04300     3.53352     0.00000     0.00000     0.43340     0.00000     0.00000     0.60012
    11.04400     3.53396     0.00000     0.00000     0.43112     0.00000     0.00000     0.60012
    11.04500     3.53439     0.00000     0.00000     0.42885     0.00000     0.00000     0.60012
    11.04600     3.53481     0.00000     0.00000     0.42657     0.00000     0.00000     0.60012
    11.04700     3.53524     0.00000     0.00000     0.42431     0.00000     0.00000     0.60012
    11.04800     3.53566     0.00000     0.00000     0.42204     0.00000     0.00000     0.60012
    11.04900     3.53608     0.00000     0.00000     0.41978     0.00000     0.00000     0.60012
    11.05000     3.53650     0.00000     0.00000     0.41753     0.00000     0.00000     0.60012
    11.05100     3.53692     0.00000     0.00000     0.41528     0.00000     0.00000     0.60012
    11.05200     3.53733     0.00000     0.00000     0.41304     0.00000     0.00000     0.60012
    11.05300     3.53774     0.00000     0.00000     0.41080     0.00000     0.00000     0.60012
    11.05400     3.53815     0.00000     0.00000     0.40856     0.00000     0.00000     0.60012
    11.05500     3.53856     0.00000     0.00000     0.40633     0.00000     0.00000     0.60012
    11.05600     3.53897     0.00000     0.00000     0.40411     0.00000     0.00000     0.60012
    11.05700     3.53937     0.00000     0.00000     0.40188     0.00000     0.00000     0.60012
    11.05800     3.53977     0.00000     0.00000     0.39967     0.00000     0.00000     0.60012
    11.05900     3.54017     0.00000     0.00000     0.39746     0.00000     0.00000     0.60012
    11.06000     3.54057     0.00000     0.00000     0.39525     0.00000     0.00000     0.60012
    11.06100     3.54096     0.00000     0.00000     0.39305     0.00000     0.00000     0.60012
    11.06200     3.54135     0.00000     0.00000     0.39085     0.00000     0.00000     0.60012
    11.06300     3.54174     0.00000     0.00000     0.38866     0.00000     0.00000     0.60012
    11.06400     3.54213     0.00000     0.00000     0.38647     0.00000     0.00000     0.60012
    11.06500     3.54251     0.00000     0.00000     0.38429     0.00000     0.00000     0.60012
    11.06600     3.54290     0.00000     0.00000     0.38211     0.00000     0.00000     0.60012
    11.06700     3.54328     0.00000     0.00000     0.37994     0.00000     0.00000     0.60012
    11.06800     3.54366     0.00000     0.00000     0.37777     0.00000     0.00000     0.60012
    11.06900     3.54403     0.00000     0.00000     0.37560     0.00000     0.00000     0.60012
    11.07000     3.54441     0.00000     0.00000     0.37345     0.00000     0.00000     0.60012
    11.07100     3.54478     0.00000     0.00000     0.37129     0.00000     0.00000     0.60012
    11.07200     3.54515     0.00000     0.00000     0.36914     0.00000     0.00000     0.60012
    11.07300     3.54552     0.00000     0.00000     0.36700     0.00000     0.00000     0.60012
    11.07400     3.54589     0.00000     0.00000     0.36486     0.00000     0.00000     0.60012
    11.07500     3.54625     0.00000     0.00000     0.36273     0.00000     0.00000     0.60012
    11.07600     3.54661     0.00000     0.00000     0.36060     0.00000     0.00000     0.60012
    11.07700     3.54697     0.00000     0.00000     0.35847     0.00000     0.00000     0.60012
    11.07800     3.54733     0.00000     0.00000     0.35635     0.00000     0.00000     0.60012
    11.07900     3.54769     0.00000     0.00000     0.35424     0.00000     0.00000     0.60012
    11.08000     3.54804     0.00000     0.00000     0.35213     0.00000     0.00000     0.60012
    11.08100     3.54839     0.00000     0.00000     0.35002     0.00000     0.00000     0.60012
    11.08200     3.54874     0.00000     0.00000     0.34792     0.00000     0.00000     0.60012
    11.08300     3.54909     0.00000     0.00000     0.34583     0.00000     0.00000     0.60012
    11.08400     3.54943     0.00000     0.00000     0.34374     0.00000     0.00000     0.60012
    11.08500     3.54977     0.00000     0.00000     0.34165     0.00000     0.00000     0.60012
    11.08600     3.55011     0.00000     0.00000     0.33957     0.00000     0.00000     0.60012
    11.08700     3.55045     0.00000     0.00000     0.33750     0.00000     0.00000     0.60012
    11.08800     3.55079     0.00000     0.00000     0.33543     0.00000     0.00000     0.60012
    11.08900     3.55112     0.00000     0.00000     0.33336     0.00000     0.00000     0.60012
    11.09000     3.55146     0.00000     0.00000     0.33130     0.00000     0.00000     0.60012
    11.09100     3.55179     0.00000     0.00000     0.32925     0.00000     0.00000     0.60012
    11.09200     3.55211     0.00000     0.00000     0.32720     0.00000     0.00000     0.60012
    11.09300     3.55244     0.00000     0.00000     0.32515     0.00000     0.00000     0.60012
    11.09400     3.55277     0.00000     0.00000     0.32311     0.00000     0.00000     0.60012
    11.09500     3.55309     0.00000     0.00000     0.32107     0.00000     0.00000     0.60012
    11.09600     3.55341     0.00000     0.00000     0.31904     0.00000     0.00000     0.60012
    11.09700     3.55373     0.00000     0.00000     0.31702     0.00000     0.00000     0.60012
    11.09800     3.55404     0.00000     0.00000     0.31500     0.00000     0.00000     0.60012
    11.09900     3.55436     0.00000     0.00000     0.31298     0.00000     0.00000     0.60012
    11.10000     3.55467     0.00000     0.00000     0.31097     0.00000     0.00000     0.60012
    11.10100     3.55498     0.00000     0.00000     0.30896     0.00000     0.00000     0.60012
    11.10200     3.55528     0.00000     0.00000     0.30696     0.00000     0.00000     0.60012
    11.10300     3.55559     0.00000     0.00000     0.30497     0.00000     0.00000     0.60012
    11.10400     3.55590     0.00000     0.00000     0.30297     0.00000     0.00000     0.60012
    11.10500     3.55620     0.00000     0.00000     0.30099     0.00000     0.00000     0.60012
    11.10600     3.55650     0.00000     0.00000     0.29901     0.00000     0.00000     0.60012
    11.10700     3.55679     0.00000     0.00000     0.29703     0.00000     0.00000     0.60012
    11.10800     3.55709     0.00000     0.00000     0.29506     0.00000     0.00000     0.60012
    11.10900     3.55738     0.00000     0.00000     0.29309     0.00000     0.00000     0.60012
    11.11000     3.55768     0.00000     0.00000     0.29113     0.00000     0.00000     0.60012
    11.11100     3.55797     0.00000     0.00000     0.28918     0.00000     0.00000     0.60012
    11.11200     3.55826     0.00000     0.00000     0.28722     0.00000     0.00000     0.60012
    11.11300     3.55854     0.00000     0.00000     0.28528     0.00000     0.00000     0.60012
    11.11400     3.55883     0.00000     0.00000     0.28334     0.00000     0.00000     0.60012
    11.11500     3.55911     0.00000     0.00000     0.28140     0.00000     0.00000     0.60012
    11.11600     3.55939     0.00000     0.00000     0.27947     0.00000     0.00000     0.60012
    11.11700     3.55967     0.00000     0.00000     0.27754     0.00000     0.00000     0.60012
    11.11800     3.55994     0.00000     0.00000     0.27562     0.00000     0.00000     0.60012
    11.11900     3.56022     0.00000     0.00000     0.27370     0.00000     0.00000     0.60012
    11.12000     3.56049     0.00000     0.00000     0.27179     0.00000     0.00000     0.60012
    11.12100     3.56076     0.00000     0.00000     0.26988     0.00000     0.00000     0.60012
    11.12200     3.56103     0.00000     0.00000     0.26798     0.00000     0.00000     0.60012
    11.12300     3.56130     0.00000     0.00000     0.26608     0.00000     0.00000     0.60012
    11.12400     3.56156     0.00000     0.00000     0.26419     0.00000     0.00000     0.60012
    11.12500     3.56183     0.00000     0.00000     0.26230     0.00000     0.00000     0.60012
    11.12600     3.56209     0.00000     0.00000     0.26042     0.00000     0.00000     0.60012
    11.12700     3.56235     0.00000     0.00000     0.25854     0.00000     0.00000     0.60012
    11.12800     3.56260     0.00000     0.00000     0.25667     0.00000     0.00000     0.60012
    11.12900     3.56286     0.00000     0.00000     0.25480     0.00000     0.00000     0.60012
    11.13000     3.56311     0.00000     0.00000     0.25294     0.00000     0.00000     0.60012
    11.13100     3.56337     0.00000     0.00000     0.25108     0.00000     0.00000     0.60012
    11.13200     3.56362     0.00000     0.00000     0.24923     0.00000     0.00000     0.60012
    11.13300     3.56386     0.00000     0.00000     0.24738     0.00000     0.00000     0.60012
    11.13400     3.56411     0.00000     0.00000     0.24554     0.00000     0.00000     0.60012
    11.13500     3.56436     0.00000     0.00000     0.24370     0.00000     0.00000     0.60012
    11.13600     3.56460     0.00000     0.00000     0.24187     0.00000     0.00000     0.60012
    11.13700     3.56484     0.00000     0.00000     0.24004     0.00000     0.00000     0.60012
    11.13800     3.56508     0.00000     0.00000     0.23822     0.00000     0.00000     0.60012
    11.13900     3.56532     0.00000     0.00000     0.23640     0.00000     0.00000     0.60012
    11.14000     3.56555     0.00000     0.00000     0.23459     0.00000     0.00000     0.60012
    11.14100     3.56579     0.00000     0.00000     0.23278     0.00000     0.00000     0.60012
    11.14200     3.56602     0.00000     0.00000     0.23097     0.00000     0.00000     0.60012
    11.14300     3.56625     0.00000     0.00000     0.22917     0.00000     0.00000     0.60012
    11.14400     3.56648     0.00000     0.00000     0.22738     0.00000     0.00000     0.60012
    11.14500     3.56670     0.00000     0.00000     0.22559     0.00000     0.00000     0.60012
    11.14600     3.56693     0.00000     0.00000     0.22381     0.00000     0.00000     0.60012
    11.14700     3.56715     0.00000     0.00000     0.22203     0.00000     0.00000     0.60012
    11.14800     3.56737     0.00000     0.00000     0.22025     0.00000     0.00000     0.60012
    11.14900     3.56759     0.00000     0.00000     0.21848     0.00000     0.00000     0.60012
    11.15000     3.56781     0.00000     0.00000     0.21672     0.00000     0.00000     0.60012
    11.15100     3.56802     0.00000     0.00000     0.21496     0.00000     0.00000     0.60012
    11.15200     3.56824     0.00000     0.00000     0.21320     0.00000     0.00000     0.60012
    11.15300     3.56845     0.00000     0.00000     0.21145     0.00000     0.00000     0.60012
    11.15400     3.56866     0.00000     0.00000     0.20971     0.00000     0.00000     0.60012
    11.15500     3.56887     0.00000     0.00000     0.20797     0.00000     0.00000     0.60012
    11.15600     3.56908     0.00000     0.00000     0.20623     0.00000     0.00000     0.60012
    11.15700     3.56928     0.00000     0.00000     0.20450     0.00000     0.00000     0.60012
    11.15800     3.56949     0.00000     0.00000     0.20277     0.00000     0.00000     0.60012
    11.15900     3.56969     0.00000     0.00000     0.20105     0.00000     0.00000     0.60012
    11.16000     3.56989     0.00000     0.00000     0.19934     0.00000     0.00000     0.60012
    11.16100     3.57009     0.00000     0.00000     0.19762     0.00000     0.00000     0.60012
    11.16200     3.57028     0.00000     0.00000     0.19592     0.00000     0.00000     0.60012
    11.16300     3.57048     0.00000     0.00000     0.19422     0.00000     0.00000     0.60012
    11.16400     3.57067     0.00000     0.00000     0.19252     0.00000     0.00000     0.60012
    11.16500     3.57086     0.00000     0.00000     0.19083     0.00000     0.00000     0.60012
    11.16600     3.57105     0.00000     0.00000     0.18914     0.00000     0.00000     0.60012
    11.16700     3.57124     0.00000     0.00000     0.18746     0.00000     0.00000     0.60012
    11.16800     3.57143     0.00000     0.00000     0.18578     0.00000     0.00000     0.60012
    11.16900     3.57161     0.00000     0.00000     0.18411     0.00000     0.00000     0.60012
    11.17000     3.57180     0.00000     0.00000     0.18244     0.00000     0.00000     0.60012
    11.17100     3.57198     0.00000     0.00000     0.18077     0.00000     0.00000     0.60012
    11.17200     3.57216     0.00000     0.00000     0.17912     0.00000     0.00000     0.60012
    11.17300     3.57234     0.00000     0.00000     0.17746     0.00000     0.00000     0.60012
    11.17400     3.57251     0.00000     0.00000     0.17581     0.00000     0.00000     0.60012
    11.17500     3.57269     0.00000     0.00000     0.17417     0.00000     0.00000     0.60012
    11.17600     3.57286     0.00000     0.00000     0.17253     0.00000     0.00000     0.60012
    11.17700     3.57303     0.00000     0.00000     0.17090     0.00000     0.00000     0.60012
    11.17800     3.57320     0.00000     0.00000     0.16927     0.00000     0.00000     0.60012
    11.17900     3.57337     0.00000     0.00000     0.16764     0.00000     0.00000     0.60012
    11.18000     3.57354     0.00000     0.00000     0.16602     0.00000     0.00000     0.60012
    11.18100     3.57370     0.00000     0.00000     0.16440     0.00000     0.00000     0.60012
    11.18200     3.57387     0.00000     0.00000     0.16279     0.00000     0.00000     0.60012
    11.18300     3.57403     0.00000     0.00000     0.16119     0.00000     0.00000     0.60012
    11.18400     3.57419     0.00000     0.00000     0.15959     0.00000     0.00000     0.60012
    11.18500     3.57435     0.00000     0.00000     0.15799     0.00000     0.00000     0.60012
    11.18600     3.57451     0.00000     0.00000     0.15640     0.00000     0.00000     0.60012
    11.18700     3.57466     0.00000     0.00000     0.15481     0.00000     0.00000     0.60012
    11.18800     3.57481     0.00000     0.00000     0.15323     0.00000     0.00000     0.60012
    11.18900     3.57497     0.00000     0.00000     0.15165     0.00000     0.00000     0.60012
    11.19000     3.57512     0.00000     0.00000     0.15008     0.00000     0.00000     0.60012
    11.19100     3.57527     0.00000     0.00000     0.14851     0.00000     0.00000     0.60012
    11.19200     3.57542     0.00000     0.00000     0.14695     0.00000     0.00000     0.60012
    11.19300     3.57556     0.00000     0.00000     0.14539     0.00000     0.00000     0.60012
    11.19400     3.57571     0.00000     0.00000     0.14384     0.00000     0.00000     0.60012
    11.19500     3.57585     0.00000     0.00000     0.14229     0.00000     0.00000     0.60012
    11.19600     3.57599     0.00000     0.00000     0.14075     0.00000     0.00000     0.60012
    11.19700     3.57613     0.00000     0.00000     0.13921     0.00000     0.00000     0.60012
    11.19800     3.57627     0.00000     0.00000     0.13767     0.00000     0.00000     0.60012
    11.19900     3.57641     0.00000     0.00000     0.13614     0.00000     0.00000     0.60012
    11.20000     3.57654     0.00000     0.00000     0.13462     0.00000     0.00000     0.60012
    11.20100     3.57667     0.00000     0.00000     0.13310     0.00000     0.00000     0.60012
    11.20200     3.57681     0.00000     0.00000     0.13158     0.00000     0.00000     0.60012
    11.20300     3.57694     0.00000     0.00000     0.13007     0.00000     0.00000     0.60012
    11.20400     3.57707     0.00000     0.00000     0.12857     0.00000     0.00000     0.60012
    11.20500     3.57720     0.00000     0.00000     0.12707     0.00000     0.00000     0.60012
    11.20600     3.57732     0.00000     0.00000     0.12557     0.00000     0.00000     0.60012
    11.20700     3.57745     0.00000     0.00000     0.12408     0.00000     0.00000     0.60012
    11.20800     3.57757     0.00000     0.00000     0.12259     0.00000     0.00000     0.60012
    11.20900     3.57769     0.00000     0.00000     0.12111     0.00000     0.00000     0.60012
    11.21000     3.57781     0.00000     0.00000     0.11963     0.00000     0.00000     0.60012
    11.21100     3.57793     0.00000     0.00000     0.11816     0.00000     0.00000     0.60012
    11.21200     3.57805     0.00000     0.00000     0.11669     0.00000     0.00000     0.60012
    11.21300     3.57817     0.00000     0.00000     0.11523     0.00000     0.00000     0.60012
    11.21400     3.57828     0.00000     0.00000     0.11377     0.00000     0.00000     0.60012
    11.21500     3.57839     0.00000     0.00000     0.11232     0.00000     0.00000     0.60012
    11.21600     3.57851     0.00000     0.00000     0.11087     0.00000     0.00000     0.60012
    11.21700     3.57862     0.00000     0.00000     0.10942     0.00000     0.00000     0.60012
    11.21800     3.57872     0.00000     0.00000     0.10798     0.00000     0.00000     0.60012
    11.21900     3.57883     0.00000     0.00000     0.10655     0.00000     0.00000     0.60012
    11.22000     3.57894     0.00000     0.00000     0.10512     0.00000     0.00000     0.60012
    11.22100     3.57904     0.00000     0.00000     0.10369     0.00000     0.00000     0.60012
    11.22200     3.57914     0.00000     0.00000     0.10227     0.00000     0.00000     0.60012
    11.22300     3.57925     0.00000     0.00000     0.10086     0.00000     0.00000     0.60012
    11.22400     3.57935     0.00000     0.00000     0.09945     0.00000     0.00000     0.60012
    11.22500     3.57944     0.00000     0.00000     0.09804     0.00000     0.00000     0.60012
    11.22600     3.57954     0.00000     0.00000     0.09664     0.00000     0.00000     0.60012
    11.22700     3.57964     0.00000     0.00000     0.09524     0.00000     0.00000     0.60012
    11.22800     3.57973     0.00000     0.00000     0.09385     0.00000     0.00000     0.60012
    11.22900     3.57983     0.00000     0.00000     0.09246     0.00000     0.00000     0.60012
    11.23000     3.57992     0.00000     0.00000     0.09108     0.00000     0.00000     0.60012
    11.23100     3.58001     0.00000     0.00000     0.08970     0.00000     0.00000     0.60012
    11.23200     3.58010     0.00000     0.00000     0.08833     0.00000     0.00000     0.60012
    11.23300     3.58018     0.00000     0.00000     0.08696     0.00000     0.00000     0.60012
    11.23400     3.58027     0.00000     0.00000     0.08560     0.00000     0.00000     0.60012
    11.23500     3.58036     0.00000     0.00000     0.08424     0.00000     0.00000     0.60012
    11.23600     3.58044     0.00000     0.00000     0.08289     0.00000     0.00000     0.60012
    11.23700     3.58052     0.00000     0.00000     0.08154     0.00000     0.00000     0.60012
    11.23800     3.58060     0.00000     0.00000     0.08019     0.00000     0.00000     0.60012
    11.23900     3.58068     0.00000     0.00000     0.07886     0.00000     0.00000     0.60012
    11.24000     3.58076     0.00000     0.00000     0.07752     0.00000     0.00000     0.60012
    11.24100     3.58084     0.00000     0.00000     0.07619     0.00000     0.00000     0.60012
    11.24200     3.58091     0.00000     0.00000     0.07487     0.00000     0.00000     0.60012
    11.24300     3.58099     0.00000     0.00000     0.07354     0.00000     0.00000     0.60012
    11.24400     3.58106     0.00000     0.00000     0.07223     0.00000     0.00000     0.60012
    11.24500     3.58113     0.00000     0.00000     0.07092     0.00000     0.00000     0.60012
    11.24600     3.58120     0.00000     0.00000     0.06961     0.00000     0.00000     0.60012
    11.24700     3.58127     0.00000     0.00000     0.06831     0.00000     0.00000     0.60012
    11.24800     3.58134     0.00000     0.00000     0.06701     0.00000     0.00000     0.60012
    11.24900     3.58140     0.00000     0.00000     0.06572     0.00000     0.00000     0.60012
    11.25000     3.58147     0.00000     0.00000     0.06444     0.00000     0.00000     0.60012
    11.25100     3.58153     0.00000     0.00000     0.06315     0.00000     0.00000     0.60012
    11.25200     3.58160     0.00000     0.00000     0.06188     0.00000     0.00000     0.60012
    11.25300     3.58166     0.00000     0.00000     0.06060     0.00000     0.00000     0.60012
    11.25400     3.58172     0.00000     0.00000     0.05934     0.00000     0.00000     0.60012
    11.25500     3.58178     0.00000     0.00000     0.05807     0.00000     0.00000     0.60012
    11.25600     3.58183     0.00000     0.00000     0.05681     0.00000     0.00000     0.60012
    11.25700     3.58189     0.00000     0.00000     0.05556     0.00000     0.00000     0.60012
    11.25800     3.58194     0.00000     0.00000     0.05431     0.00000     0.00000     0.60012
    11.25900     3.58200     0.00000     0.00000     0.05307     0.00000     0.00000     0.60012
    11.26000     3.58205     0.00000     0.00000     0.05183     0.00000     0.00000     0.60012
    11.26100     3.58210     0.00000     0.00000     0.05060     0.00000     0.00000     0.60012
    11.26200     3.58215     0.00000     0.00000     0.04937     0.00000     0.00000     0.60012
    11.26300     3.58220     0.00000     0.00000     0.04814     0.00000     0.00000     0.60012
    11.26400     3.58225     0.00000     0.00000     0.04692     0.00000     0.00000     0.60012
    11.26500     3.58229     0.00000     0.00000     0.04571     0.00000     0.00000     0.60012
    11.26600     3.58234     0.00000     0.00000     0.04450     0.00000     0.00000     0.60012
    11.26700     3.58238     0.00000     0.00000     0.04329     0.00000     0.00000     0.60012
    11.26800     3.58243     0.00000     0.00000     0.04209     0.00000     0.00000     0.60012
    11.26900     3.58247     0.00000     0.00000     0.04090     0.00000     0.00000     0.60012
    11.27000     3.58251     0.00000     0.00000     0.03971     0.00000     0.00000     0.60012
    11.27100     3.58255     0.00000     0.00000     0.03852     0.00000     0.00000     0.60012
    11.27200     3.58259     0.00000     0.00000     0.03734     0.00000     0.00000     0.60012
    11.27300     3.58262     0.00000     0.00000     0.03616     0.00000     0.00000     0.60012
    11.27400     3.58266     0.00000     0.00000     0.03499     0.00000     0.00000     0.60012
    11.27500     3.58269     0.00000     0.00000     0.03383     0.00000     0.00000     0.60012
    11.27600     3.58272     0.00000     0.00000     0.03266     0.00000     0.00000     0.60012
    11.27700     3.58276     0.00000     0.00000     0.03151     0.00000     0.00000     0.60012
    11.27800     3.58279     0.00000     0.00000     0.03035     0.00000     0.00000     0.60012
    11.27900     3.58282     0.00000     0.00000     0.02921     0.00000     0.00000     0.60012
    11.28000     3.58285     0.00000     0.00000     0.02807     0.00000     0.00000     0.60012
    11.28100     3.58287     0.00000     0.00000     0.02693     0.00000     0.00000     0.60012
    11.28200     3.58290     0.00000     0.00000     0.02580     0.00000     0.00000     0.60012
    11.28300     3.58292     0.00000     0.00000     0.02467     0.00000     0.00000     0.60012
    11.28400     3.58295     0.00000     0.00000     0.02355     0.00000     0.00000     0.60012
    11.28500     3.58297     0.00000     0.00000     0.02243     0.00000     0.00000     0.60012
    11.28600     3.58299     0.00000     0.00000     0.02132     0.00000     0.00000     0.60012
    11.28700     3.58301     0.00000     0.00000     0.02021     0.00000     0.00000     0.60012
    11.28800     3.58303     0.00000     0.00000     0.01910     0.00000     0.00000     0.60012
    11.28900     3.58305     0.00000     0.00000     0.01801     0.00000     0.00000     0.60012
    11.29000     3.58307     0.00000     0.00000     0.01691     0.00000     0.00000     0.60012
    11.29100     3.58309     0.00000     0.00000     0.01582     0.00000     0.00000     0.60012
    11.29200     3.58310     0.00000     0.00000     0.01474     0.00000     0.00000     0.60012
    11.29300     3.58312     0.00000     0.00000     0.01366     0.00000     0.00000     0.60012
    11.29400     3.58313     0.00000     0.00000     0.01259     0.00000     0.00000     0.60012
    11.29500     3.58314     0.00000     0.00000     0.01152     0.00000     0.00000     0.60012
    11.29600     3.58315     0.00000     0.00000     0.01046     0.00000     0.00000     0.60012
    11.29700     3.58316     0.00000     0.00000     0.00940     0.00000     0.00000     0.60012
    11.29800     3.58317     0.00000     0.00000     0.00834     0.00000     0.00000     0.60012
    11.29900     3.58318     0.00000     0.00000     0.00730     0.00000     0.00000     0.60012
    11.30000     3.58318     0.00000     0.00000     0.00625     0.00000     0.00000     0.60012
    11.30100     3.58319     0.00000     0.00000     0.00521     0.00000     0.00000     0.60012
    11.30200     3.58320     0.00000     0.00000     0.00418     0.00000     0.00000     0.60012
    11.30300     3.58320     0.00000     0.00000     0.00315     0.00000     0.00000     0.60012
    11.30400     3.58320     0.00000     0.00000     0.00212     0.00000     0.00000     0.60012
    11.30500     3.58320     0.00000     0.00000     0.00111     0.00000     0.00000     0.60012
    11.30600     3.58320     0.00000     0.00000     0.00009     0.00000     0.00000     0.60012
    11.30700     3.58320     0.00000     0.00000    -0.00092     0.00000     0.00000     0.60012
    11.30800     3.58320     0.00000     0.00000    -0.00192     0.00000     0.00000     0.60012
    11.30900     3.58320     0.00000     0.00000    -0.00292     0.00000     0.00000     0.60012
    11.31000     3.58320     0.00000     0.00000    -0.00392     0.00000     0.00000     0.60012
    11.31100     3.58319     0.00000     0.00000    -0.00491     0.00000     0.00000     0.60012
    11.31200     3.58319     0.00000     0.00000    -0.00589     0.00000     0.00000     0.60012
    11.31300     3.58318     0.00000     0.00000    -0.00687     0.00000     0.00000     0.60012
    11.31400     3.58317     0.00000     0.00000    -0.00784     0.00000     0.00000     0.60012
    11.31500     3.58316     0.00000     0.00000    -0.00881     0.00000     0.00000     0.60012
    11.31600     3.58316     0.00000     0.00000    -0.00978     0.00000     0.00000     0.60012
    11.31700     3.58314     0.00000     0.00000    -0.01074     0.00000     0.00000     0.60012
    11.31800     3.58313     0.00000     0.00000    -0.01169     0.00000     0.00000     0.60012
    11.31900     3.58312     0.00000     0.00000    -0.01264     0.00000     0.00000     0.60012
    11.32000     3.58311     0.00000     0.00000    -0.01358     0.00000     0.00000     0.60012
    11.32100     3.58309     0.00000     0.00000    -0.01452     0.00000     0.00000     0.60012
    11.32200     3.58308     0.00000     0.00000    -0.01546     0.00000     0.00000     0.60012
    11.32300     3.58306     0.00000     0.00000    -0.01639     0.00000     0.00000     0.60012
    11.32400     3.58305     0.00000     0.00000    -0.01731     0.00000     0.00000     0.60012
    11.32500     3.58303     0.00000     0.00000    -0.01823     0.00000     0.00000     0.60012
    11.32600     3.58301     0.00000     0.00000    -0.01914     0.00000     0.00000     0.60012
    11.32700     3.58299     0.00000     0.00000    -0.02005     0.00000     0.00000     0.60012
    11.32800     3.58297     0.00000     0.00000    -0.02096     0.00000     0.00000     0.60012
    11.32900     3.58295     0.00000     0.00000    -0.02186     0.00000     0.00000     0.60012
    11.33000     3.58293     0.00000     0.00000    -0.02275     0.00000     0.00000     0.60012
    11.33100     3.58290     0.00000     0.00000    -0.02364     0.00000     0.00000     0.60012
    11.33200     3.58288     0.00000     0.00000    -0.02452     0.00000     0.00000     0.60012
    11.33300     3.58285     0.00000     0.00000    -0.02540     0.00000     0.00000     0.60012
    11.33400     3.58283     0.00000     0.00000    -0.02627     0.00000     0.00000     0.60012
    11.33500     3.58280     0.00000     0.00000    -0.02714     0.00000     0.00000     0.60012
    11.33600     3.58277     0.00000     0.00000    -0.02801     0.00000     0.00000     0.60012
    11.33700     3.58275     0.00000     0.00000    -0.02887     0.00000     0.00000     0.60012
    11.33800     3.58272     0.00000     0.00000    -0.02972     0.00000     0.00000     0.60012
    11.33900     3.58269     0.00000     0.00000    -0.03057     0.00000     0.00000     0.60012
    11.34000     3.58266     0.00000     0.00000    -0.03141     0.00000     0.00000     0.60012
    11.34100     3.58262     0.00000     0.00000    -0.03225     0.00000     0.00000     0.60012
    11.34200     3.58259     0.00000     0.00000    -0.03308     0.00000     0.00000     0.60012
    11.34300     3.58256     0.00000     0.00000    -0.03391     0.00000     0.00000     0.60012
    11.34400     3.58252     0.00000     0.00000    -0.03473     0.00000     0.00000     0.60012
    11.34500     3.58249     0.00000     0.00000    -0.03555     0.00000     0.00000     0.60012
    11.34600     3.58245     0.00000     0.00000    -0.03636     0.00000     0.00000     0.60012
    11.34700     3.58242     0.00000     0.00000    -0.03717     0.00000     0.00000     0.60012
    11.34800     3.58238     0.00000     0.00000    -0.03797     0.00000     0.00000     0.60012
    11.34900     3.58234     0.00000     0.00000    -0.03877     0.00000     0.00000     0.60012
    11.35000     3.58230     0.00000     0.00000    -0.03956     0.00000     0.00000     0.60012
    11.35100     3.58226     0.00000     0.00000    -0.04035     0.00000     0.00000     0.60012
    11.35200     3.58222     0.00000     0.00000    -0.04113     0.00000     0.00000     0.60012
    11.35300     3.58218     0.00000     0.00000    -0.04190     0.00000     0.00000     0.60012
    11.35400     3.58213     0.00000     0.00000    -0.04268     0.00000     0.00000     0.60012
    11.35500     3.58209     0.00000     0.00000    -0.04344     0.00000     0.00000     0.60012
    11.35600     3.58205     0.00000     0.00000    -0.04420     0.00000     0.00000     0.60012
    11.35700     3.58200     0.00000     0.00000    -0.04496     0.00000     0.00000     0.60012
    11.35800     3.58196     0.00000     0.00000    -0.04571     0.00000     0.00000     0.60012
    11.35900     3.58191     0.00000     0.00000    -0.04645     0.00000     0.00000     0.60012
    11.36000     3.58187     0.00000     0.00000    -0.04719     0.00000     0.00000     0.60012
    11.36100     3.58182     0.00000     0.00000    -0.04793     0.00000     0.00000     0.60012
    11.36200     3.58177     0.00000     0.00000    -0.04866     0.00000     0.00000     0.60012
    11.36300     3.58172     0.00000     0.00000    -0.04938     0.00000     0.00000     0.60012
    11.36400     3.58167     0.00000     0.00000    -0.05010     0.00000     0.00000     0.60012
    11.36500     3.58162     0.00000     0.00000    -0.05082     0.00000     0.00000     0.60012
    11.36600     3.58157     0.00000     0.00000    -0.05153     0.00000     0.00000     0.60012
    11.36700     3.58152     0.00000     0.00000    -0.05223     0.00000     0.00000     0.60012
    11.36800     3.58146     0.00000     0.00000    -0.05293     0.00000     0.00000     0.60012
    11.36900     3.58141     0.00000     0.00000    -0.05362     0.00000     0.00000     0.60012
    11.37000     3.58136     0.00000     0.00000    -0.05431     0.00000     0.00000     0.60012
    11.37100     3.58130     0.00000     0.00000    -0.05500     0.00000     0.00000     0.60012
    11.37200     3.58125     0.00000     0.00000    -0.05567     0.00000     0.00000     0.60012
    11.37300     3.58119     0.00000     0.00000    -0.05635     0.00000     0.00000     0.60012
    11.37400     3.58114     0.00000     0.00000    -0.05701     0.00000     0.00000     0.60012
    11.37500     3.58108     0.00000     0.00000    -0.05768     0.00000     0.00000     0.60012
    11.37600     3.58102     0.00000     0.00000    -0.05833     0.00000     0.00000     0.60012
    11.37700     3.58096     0.00000     0.00000    -0.05899     0.00000     0.00000     0.60012
    11.37800     3.58090     0.00000     0.00000    -0.05963     0.00000     0.00000     0.60012
    11.37900     3.58084     0.00000     0.00000    -0.06027     0.00000     0.00000     0.60012
    11.38000     3.58078     0.00000     0.00000    -0.06091     0.00000     0.00000     0.60012
    11.38100     3.58072     0.00000     0.00000    -0.06154     0.00000     0.00000     0.60012
    11.38200     3.58066     0.00000     0.00000    -0.06217     0.00000     0.00000     0.60012
    11.38300     3.58060     0.00000     0.00000    -0.06279     0.00000     0.00000     0.60012
    11.38400     3.58053     0.00000     0.00000    -0.06340     0.00000     0.00000     0.60012
    11.38500     3.58047     0.00000     0.00000    -0.06401     0.00000     0.00000     0.60012
    11.38600     3.58040     0.00000     0.00000    -0.06462     0.00000     0.00000     0.60012
    11.38700     3.58034     0.00000     0.00000    -0.06522     0.00000     0.00000     0.60012
    11.38800     3.58027     0.00000     0.00000    -0.06581     0.00000     0.00000     0.60012
    11.38900     3.58021     0.00000     0.00000    -0.06640     0.00000     0.00000     0.60012
    11.39000     3.58014     0.00000     0.00000    -0.06699     0.00000     0.00000     0.60012
    11.39100     3.58007     0.00000     0.00000    -0.06757     0.00000     0.00000     0.60012
    11.39200     3.58001     0.00000     0.00000    -0.06814     0.00000     0.00000     0.60012
    11.39300     3.57994     0.00000     0.00000    -0.06871     0.00000     0.00000     0.60012
    11.39400     3.57987     0.00000     0.00000    -0.06927     0.00000     0.00000     0.60012
    11.39500     3.57980     0.00000     0.00000    -0.06983     0.00000     0.00000     0.60012
    11.39600     3.57973     0.00000     0.00000    -0.07038     0.00000     0.00000     0.60012
    11.39700     3.57966     0.00000     0.00000    -0.07093     0.00000     0.00000     0.60012
    11.39800     3.57959     0.00000     0.00000    -0.07147     0.00000     0.00000     0.60012
    11.39900     3.57952     0.00000     0.00000    -0.07201     0.00000     0.00000     0.60012
    11.40000     3.57944     0.00000     0.00000    -0.07254     0.00000     0.00000     0.60012
    11.40100     3.57937     0.00000     0.00000    -0.07306     0.00000     0.00000     0.60012
    11.40200     3.57930     0.00000     0.00000    -0.07358     0.00000     0.00000     0.60012
    11.40300     3.57922     0.00000     0.00000    -0.07410     0.00000     0.00000     0.60012
    11.40400     3.57915     0.00000     0.00000    -0.07461     0.00000     0.00000     0.60012
    11.40500     3.57907     0.00000     0.00000    -0.07511     0.00000     0.00000     0.60012
    11.40600     3.57900     0.00000     0.00000    -0.07561     0.00000     0.00000     0.60012
    11.40700     3.57892     0.00000     0.00000    -0.07611     0.00000     0.00000     0.60012
    11.40800     3.57885     0.00000     0.00000    -0.07660     0.00000     0.00000     0.60012
    11.40900     3.57877     0.00000     0.00000    -0.07708     0.00000     0.00000     0.60012
    11.41000     3.57869     0.00000     0.00000    -0.07756     0.00000     0.00000     0.60012
    11.41100     3.57861     0.00000     0.00000    -0.07803     0.00000     0.00000     0.60012
    11.41200     3.57854     0.00000     0.00000    -0.07850     0.00000     0.00000     0.60012
    11.41300     3.57846     0.00000     0.00000    -0.07896     0.00000     0.00000     0.60012
    11.41400     3.57838     0.00000     0.00000    -0.07942     0.00000     0.00000     0.60012
    11.41500     3.57830     0.00000     0.00000    -0.07987     0.00000     0.00000     0.60012
    11.41600     3.57822     0.00000     0.00000    -0.08032     0.00000     0.00000     0.60012
    11.41700     3.57814     0.00000     0.00000    -0.08076     0.00000     0.00000     0.60012
    11.41800     3.57806     0.00000     0.00000    -0.08120     0.00000     0.00000     0.60012
    11.41900     3.57798     0.00000     0.00000    -0.08163     0.00000     0.00000     0.60012
    11.42000     3.57789     0.00000     0.00000    -0.08205     0.00000     0.00000     0.60012
    11.42100     3.57781     0.00000     0.00000    -0.08247     0.00000     0.00000     0.60012
    11.42200     3.57773     0.00000     0.00000    -0.08289     0.00000     0.00000     0.60012
    11.42300     3.57765     0.00000     0.00000    -0.08330     0.00000     0.00000     0.60012
    11.42400     3.57756     0.00000     0.00000    -0.08370     0.00000     0.00000     0.60012
    11.42500     3.57748     0.00000     0.00000    -0.08410     0.00000     0.00000     0.60012
    11.42600     3.57739     0.00000     0.00000    -0.08449     0.00000     0.00000     0.60012
    11.42700     3.57731     0.00000     0.00000    -0.08488     0.00000     0.00000     0.60012
    11.42800     3.57722     0.00000     0.00000    -0.08526     0.00000     0.00000     0.60012
    11.42900     3.57714     0.00000     0.00000    -0.08564     0.00000     0.00000     0.60012
    11.43000     3.57705     0.00000     0.00000    -0.08601     0.00000     0.00000     0.60012
    11.43100     3.57697     0.00000     0.00000    -0.08638     0.00000     0.00000     0.60012
    11.43200     3.57688     0.00000     0.00000    -0.08674     0.00000     0.00000     0.60012
    11.43300     3.57679     0.00000     0.00000    -0.08710     0.00000     0.00000     0.60012
    11.43400     3.57671     0.00000     0.00000    -0.08745     0.00000     0.00000     0.60012
    11.43500     3.57662     0.00000     0.00000    -0.08780     0.00000     0.00000     0.60012
    11.43600     3.57653     0.00000     0.00000    -0.08814     0.00000     0.00000     0.60012
    11.43700     3.57644     0.00000     0.00000    -0.08847     0.00000     0.00000     0.60012
    11.43800     3.57635     0.00000     0.00000    -0.08880     0.00000     0.00000     0.60012
    11.43900     3.57626     0.00000     0.00000    -0.08912     0.00000     0.00000     0.60012
    11.44000     3.57617     0.00000     0.00000    -0.08944     0.00000     0.00000     0.60012
    11.44100     3.57609     0.00000     0.00000    -0.08976     0.00000     0.00000     0.60012
    11.44200     3.57600     0.00000     0.00000    -0.09007     0.00000     0.00000     0.60012
    11.44300     3.57591     0.00000     0.00000    -0.09037     0.00000     0.00000     0.60012
    11.44400     3.57581     0.00000     0.00000    -0.09067     0.00000     0.00000     0.60012
    11.44500     3.57572     0.00000     0.00000    -0.09096     0.00000     0.00000     0.60012
    11.44600     3.57563     0.00000     0.00000    -0.09125     0.00000     0.00000     0.60012
    11.44700     3.57554     0.00000     0.00000    -0.09153     0.00000     0.00000     0.60012
    11.44800     3.57545     0.00000     0.00000    -0.09180     0.00000     0.00000     0.60012
    11.44900     3.57536     0.00000     0.00000    -0.09207     0.00000     0.00000     0.60012
    11.45000     3.57527     0.00000     0.00000    -0.09234     0.00000     0.00000     0.60012
    11.45100     3.57517     0.00000     0.00000    -0.09260     0.00000     0.00000     0.60012
    11.45200     3.57508     0.00000     0.00000    -0.09285     0.00000     0.00000     0.60012
    11.45300     3.57499     0.00000     0.00000    -0.09310     0.00000     0.00000     0.60012
    11.45400     3.57489     0.00000     0.00000    -0.09335     0.00000     0.00000     0.60012
    11.45500     3.57480     0.00000     0.00000    -0.09359     0.00000     0.00000     0.60012
    11.45600     3.57471     0.00000     0.00000    -0.09382     0.00000     0.00000     0.60012
    11.45700     3.57461     0.00000     0.00000    -0.09405     0.00000     0.00000     0.60012
    11.45800     3.57452     0.00000     0.00000    -0.09427     0.00000     0.00000     0.60012
    11.45900     3.57442     0.00000     0.00000    -0.09449     0.00000     0.00000     0.60012
    11.46000     3.57433     0.00000     0.00000    -0.09470     0.00000     0.00000     0.60012
    11.46100     3.57423     0.00000     0.00000    -0.09491     0.00000     0.00000     0.60012
    11.46200     3.57414     0.00000     0.00000    -0.09511     0.00000     0.00000     0.60012
    11.46300     3.57404     0.00000     0.00000    -0.09530     0.00000     0.00000     0.60012
    11.46400     3.57395     0.00000     0.00000    -0.09549     0.00000     0.00000     0.60012
    11.46500     3.57385     0.00000     0.00000    -0.09568     0.00000     0.00000     0.60012
    11.46600     3.57376     0.00000     0.00000    -0.09586     0.00000     0.00000     0.60012
    11.46700     3.57366     0.00000     0.00000    -0.09603     0.00000     0.00000     0.60012
    11.46800     3.57357     0.00000     0.00000    -0.09620     0.00000     0.00000     0.60012
    11.46900     3.57347     0.00000     0.00000    -0.09637     0.00000     0.00000     0.60012
    11.47000     3.57337     0.00000     0.00000    -0.09652     0.00000     0.00000     0.60012
    11.47100     3.57328     0.00000     0.00000    -0.09668     0.00000     0.00000     0.60012
    11.47200     3.57318     0.00000     0.00000    -0.09682     0.00000     0.00000     0.60012
    11.47300     3.57308     0.00000     0.00000    -0.09697     0.00000     0.00000     0.60012
    11.47400     3.57299     0.00000     0.00000    -0.09710     0.00000     0.00000     0.60012
    11.47500     3.57289     0.00000     0.00000    -0.09723     0.00000     0.00000     0.60012
    11.47600     3.57279     0.00000     0.00000    -0.09736     0.00000     0.00000     0.60012
    11.47700     3.57269     0.00000     0.00000    -0.09748     0.00000     0.00000     0.60012
    11.47800     3.57260     0.00000     0.00000    -0.09759     0.00000     0.00000     0.60012
    11.47900     3.57250     0.00000     0.00000    -0.09770     0.00000     0.00000     0.60012
    11.48000     3.57240     0.00000     0.00000    -0.09781     0.00000     0.00000     0.60012
    11.48100     3.57230     0.00000     0.00000    -0.09791     0.00000     0.00000     0.60012
    11.48200     3.57221     0.00000     0.00000    -0.09800     0.00000     0.00000     0.60012
    11.48300     3.57211     0.00000     0.00000    -0.09809     0.00000     0.00000     0.60012
    11.48400     3.57201     0.00000     0.00000    -0.09817     0.00000     0.00000     0.60012
    11.48500     3.57191     0.00000     0.00000    -0.09825     0.00000     0.00000     0.60012
    11.48600     3.57181     0.00000     0.00000    -0.09832     0.00000     0.00000     0.60012
    11.48700     3.57171     0.00000     0.00000    -0.09839     0.00000     0.00000     0.60012
    11.48800     3.57161     0.00000     0.00000    -0.09845     0.00000     0.00000     0.60012
    11.48900     3.57152     0.00000     0.00000    -0.09850     0.00000     0.00000     0.60012
    11.49000     3.57142     0.00000     0.00000    -0.09855     0.00000     0.00000     0.60012
    11.49100     3.57132     0.00000     0.00000    -0.09860     0.00000     0.00000     0.60012
    11.49200     3.57122     0.00000     0.00000    -0.09863     0.00000     0.00000     0.60012
    11.49300     3.57112     0.00000     0.00000    -0.09867     0.00000     0.00000     0.60012
    11.49400     3.57102     0.00000     0.00000    -0.09870     0.00000     0.00000     0.60012
    11.49500     3.57092     0.00000     0.00000    -0.09872     0.00000     0.00000     0.60012
    11.49600     3.57083     0.00000     0.00000    -0.09874     0.00000     0.00000     0.60012
    11.49700     3.57073     0.00000     0.00000    -0.09875     0.00000     0.00000     0.60012
    11.49800     3.57063     0.00000     0.00000    -0.09875     0.00000     0.00000     0.60012
    11.49900     3.57053     0.00000     0.00000    -0.09875     0.00000     0.00000     0.60012
    11.50000     3.57043     0.00000     0.00000    -0.09875     0.00000     0.00000     0.60012
    11.50100     3.57033     0.00000     0.00000    -0.09874     0.00000     0.00000     0.60012
    11.50200     3.57023     0.00000     0.00000    -0.09872     0.00000     0.00000     0.60012
    11.50300     3.57013     0.00000     0.00000    -0.09870     0.00000     0.00000     0.60012
    11.50400     3.57004     0.00000     0.00000    -0.09868     0.00000     0.00000     0.60012
    11.50500     3.56994     0.00000     0.00000    -0.09864     0.00000     0.00000     0.60012
    11.50600     3.56984     0.00000     0.00000    -0.09860     0.00000     0.00000     0.60012
    11.50700     3.56974     0.00000     0.00000    -0.09856     0.00000     0.00000     0.60012
    11.50800     3.56964     0.00000     0.00000    -0.09851     0.00000     0.00000     0.60012
    11.50900     3.56954     0.00000     0.00000    -0.09846     0.00000     0.00000     0.60012
    11.51000     3.56944     0.00000     0.00000    -0.09840     0.00000     0.00000     0.60012
    11.51100     3.56934     0.00000     0.00000    -0.09833     0.00000     0.00000     0.60012
    11.51200     3.56925     0.00000     0.00000    -0.09826     0.00000     0.00000     0.60012
    11.51300     3.56915     0.00000     0.00000    -0.09818     0.00000     0.00000     0.60012
    11.51400     3.56905     0.00000     0.00000    -0.09810     0.00000     0.00000     0.60012
    11.51500     3.56895     0.00000     0.00000    -0.09801     0.00000     0.00000     0.60012
    11.51600     3.56885     0.00000     0.00000    -0.09792     0.00000     0.00000     0.60012
    11.51700     3.56876     0.00000     0.00000    -0.09782     0.00000     0.00000     0.60012
    11.51800     3.56866     0.00000     0.00000    -0.09772     0.00000     0.00000     0.60012
    11.51900     3.56856     0.00000     0.00000    -0.09761     0.00000     0.00000     0.60012
    11.52000     3.56846     0.00000     0.00000    -0.09749     0.00000     0.00000     0.60012
    11.52100     3.56837     0.00000     0.00000    -0.09737     0.00000     0.00000     0.60012
    11.52200     3.56827     0.00000     0.00000    -0.09724     0.00000     0.00000     0.60012
    11.52300     3.56817     0.00000     0.00000    -0.09711     0.00000     0.00000     0.60012
    11.52400     3.56807     0.00000     0.00000    -0.09697     0.00000     0.00000     0.60012
    11.52500     3.56798     0.00000     0.00000    -0.09683     0.00000     0.00000     0.60012
    11.52600     3.56788     0.00000     0.00000    -0.09668     0.00000     0.00000     0.60012
    11.52700     3.56778     0.00000     0.00000    -0.09652     0.00000     0.00000     0.60012
    11.52800     3.56769     0.00000     0.00000    -0.09636     0.00000     0.00000     0.60012
    11.52900     3.56759     0.00000     0.00000    -0.09620     0.00000     0.00000     0.60012
    11.53000     3.56750     0.00000     0.00000    -0.09602     0.00000     0.00000     0.60012
    11.53100     3.56740     0.00000     0.00000    -0.09585     0.00000     0.00000     0.60012
    11.53200     3.56730     0.00000     0.00000    -0.09566     0.00000     0.00000     0.60012
    11.53300     3.56721     0.00000     0.00000    -0.09547     0.00000     0.00000     0.60012
    11.53400     3.56711     0.00000     0.00000    -0.09528     0.00000     0.00000     0.60012
    11.53500     3.56702     0.00000     0.00000    -0.09508     0.00000     0.00000     0.60012
    11.53600     3.56692     0.00000     0.00000    -0.09487     0.00000     0.00000     0.60012
    11.53700     3.56683     0.00000     0.00000    -0.09466     0.00000     0.00000     0.60012
    11.53800     3.56673     0.00000     0.00000    -0.09444     0.00000     0.00000     0.60012
    11.53900     3.56664     0.00000     0.00000    -0.09422     0.00000     0.00000     0.60012
    11.54000     3.56655     0.00000     0.00000    -0.09399     0.00000     0.00000     0.60012
    11.54100     3.56645     0.00000     0.00000    -0.09375     0.00000     0.00000     0.60012
    11.54200     3.56636     0.00000     0.00000    -0.09351     0.00000     0.00000     0.60012
    11.54300     3.56626     0.00000     0.00000    -0.09326     0.00000     0.00000     0.60012
    11.54400     3.56617     0.00000     0.00000    -0.09301     0.00000     0.00000     0.60012
    11.54500     3.56608     0.00000     0.00000    -0.09275     0.00000     0.00000     0.60012
    11.54600     3.56599     0.00000     0.00000    -0.09249     0.00000     0.00000     0.60012
    11.54700     3.56589     0.00000     0.00000    -0.09222     0.00000     0.00000     0.60012
    11.54800     3.56580     0.00000     0.00000    -0.09194     0.00000     0.00000     0.60012
    11.54900     3.56571     0.00000     0.00000    -0.09166     0.00000     0.00000     0.60012
    11.55000     3.56562     0.00000     0.00000    -0.09137     0.00000     0.00000     0.60012
    11.55100     3.56553     0.00000     0.00000    -0.09107     0.00000     0.00000     0.60012
    11.55200     3.56544     0.00000     0.00000    -0.09077     0.00000     0.00000     0.60012
    11.55300     3.56535     0.00000     0.00000    -0.09047     0.00000     0.00000     0.60012
    11.55400     3.56525     0.00000     0.00000    -0.09016     0.00000     0.00000     0.60012
    11.55500     3.56516     0.00000     0.00000    -0.08984     0.00000     0.00000     0.60012
    11.55600     3.56508     0.00000     0.00000    -0.08951     0.00000     0.00000     0.60012
    11.55700     3.56499     0.00000     0.00000    -0.08918     0.00000     0.00000     0.60012
    11.55800     3.56490     0.00000     0.00000    -0.08885     0.00000     0.00000     0.60012
    11.55900     3.56481     0.00000     0.00000    -0.08850     0.00000     0.00000     0.60012
    11.56000     3.56472     0.00000     0.00000    -0.08816     0.00000     0.00000     0.60012
    11.56100     3.56463     0.00000     0.00000    -0.08780     0.00000     0.00000     0.60012
    11.56200     3.56454     0.00000     0.00000    -0.08744     0.00000     0.00000     0.60012
    11.56300     3.56446     0.00000     0.00000    -0.08707     0.00000     0.00000     0.60012
    11.56400     3.56437     0.00000     0.00000    -0.08670     0.00000     0.00000     0.60012
    11.56500     3.56428     0.00000     0.00000    -0.08632     0.00000     0.00000     0.60012
    11.56600     3.56420     0.00000     0.00000    -0.08594     0.00000     0.00000     0.60012
    11.56700     3.56411     0.00000     0.00000    -0.08555     0.00000     0.00000     0.60012
    11.56800     3.56403     0.00000     0.00000    -0.08515     0.00000     0.00000     0.60012
    11.56900     3.56394     0.00000     0.00000    -0.08475     0.00000     0.00000     0.60012
    11.57000     3.56386     0.00000     0.00000    -0.08434     0.00000     0.00000     0.60012
    11.57100     3.56377     0.00000     0.00000    -0.08392     0.00000     0.00000     0.60012
    11.57200     3.56369     0.00000     0.00000    -0.08350     0.00000     0.00000     0.60012
    11.57300     3.56361     0.00000     0.00000    -0.08307     0.00000     0.00000     0.60012
    11.57400     3.56352     0.00000     0.00000    -0.08263     0.00000     0.00000     0.60012
    11.57500     3.56344     0.00000     0.00000    -0.08219     0.00000     0.00000     0.60012
    11.57600     3.56336     0.00000     0.00000    -0.08175     0.00000     0.00000     0.60012
    11.57700     3.56328     0.00000     0.00000    -0.08129     0.00000     0.00000     0.60012
    11.57800     3.56320     0.00000     0.00000    -0.08083     0.00000     0.00000     0.60012
    11.57900     3.56312     0.00000     0.00000    -0.08036     0.00000     0.00000     0.60012
    11.58000     3.56304     0.00000     0.00000    -0.07989     0.00000     0.00000     0.60012
    11.58100     3.56296     0.00000     0.00000    -0.07941     0.00000     0.00000     0.60012
    11.58200     3.56288     0.00000     0.00000    -0.07893     0.00000     0.00000     0.60012
    11.58300     3.56280     0.00000     0.00000    -0.07843     0.00000     0.00000     0.60012
    11.58400     3.56272     0.00000     0.00000    -0.07793     0.00000     0.00000     0.60012
    11.58500     3.56264     0.00000     0.00000    -0.07743     0.00000     0.00000     0.60012
    11.58600     3.56256     0.00000     0.00000    -0.07692     0.00000     0.00000     0.60012
    11.58700     3.56249     0.00000     0.00000    -0.07640     0.00000     0.00000     0.60012
    11.58800     3.56241     0.00000     0.00000    -0.07587     0.00000     0.00000     0.60012
    11.58900     3.56234     0.00000     0.00000    -0.07534     0.00000     0.00000     0.60012
    11.59000     3.56226     0.00000     0.00000    -0.07480     0.00000     0.00000     0.60012
    11.59100     3.56219     0.00000     0.00000    -0.07426     0.00000     0.00000     0.60012
    11.59200     3.56211     0.00000     0.00000    -0.07370     0.00000     0.00000     0.60012
    11.59300     3.56204     0.00000     0.00000    -0.07315     0.00000     0.00000     0.60012
    11.59400     3.56197     0.00000     0.00000    -0.07258     0.00000     0.00000     0.60012
    11.59500     3.56189     0.00000     0.00000    -0.07201     0.00000     0.00000     0.60012
    11.59600     3.56182     0.00000     0.00000    -0.07143     0.00000     0.00000     0.60012
    11.59700     3.56175     0.00000     0.00000    -0.07084     0.00000     0.00000     0.60012
    11.59800     3.56168     0.00000     0.00000    -0.07025     0.00000     0.00000     0.60012
    11.59900     3.56161     0.00000     0.00000    -0.06965     0.00000     0.00000     0.60012
    11.60000     3.56154     0.00000     0.00000    -0.06904     0.00000     0.00000     0.60012
    11.60100     3.56147     0.00000     0.00000    -0.06843     0.00000     0.00000     0.60012
    11.60200     3.56140     0.00000     0.00000    -0.06781     0.00000     0.00000     0.60012
    11.60300     3.56134     0.00000     0.00000    -0.06718     0.00000     0.00000     0.60012
    11.60400     3.56127     0.00000     0.00000    -0.06655     0.00000     0.00000     0.60012
    11.60500     3.56120     0.00000     0.00000    -0.06591     0.00000     0.00000     0.60012
    11.60600     3.56114     0.00000     0.00000    -0.06526     0.00000     0.00000     0.60012
    11.60700     3.56107     0.00000     0.00000    -0.06460     0.00000     0.00000     0.60012
    11.60800     3.56101     0.00000     0.00000    -0.06394     0.00000     0.00000     0.60012
    11.60900     3.56095     0.00000     0.00000    -0.06327     0.00000     0.00000     0.60012
    11.61000     3.56088     0.00000     0.00000    -0.06259     0.00000     0.00000     0.60012
    11.61100     3.56082     0.00000     0.00000    -0.06191     0.00000     0.00000     0.60012
    11.61200     3.56076     0.00000     0.00000    -0.06122     0.00000     0.00000     0.60012
    11.61300     3.56070     0.00000     0.00000    -0.06052     0.00000     0.00000     0.60012
    11.61400     3.56064     0.00000     0.00000    -0.05981     0.00000     0.00000     0.60012
    11.61500     3.56058     0.00000     0.00000    -0.05910     0.00000     0.00000     0.60012
    11.61600     3.56052     0.00000     0.00000    -0.05838     0.00000     0.00000     0.60012
    11.61700     3.56046     0.00000     0.00000    -0.05765     0.00000     0.00000     0.60012
    11.61800     3.56040     0.00000     0.00000    -0.05692     0.00000     0.00000     0.60012
    11.61900     3.56035     0.00000     0.00000    -0.05617     0.00000     0.00000     0.60012
    11.62000     3.56029     0.00000     0.00000    -0.05542     0.00000     0.00000     0.60012
    11.62100     3.56024     0.00000     0.00000    -0.05467     0.00000     0.00000     0.60012
    11.62200     3.56018     0.00000     0.00000    -0.05390     0.00000     0.00000     0.60012
    11.62300     3.56013     0.00000     0.00000    -0.05313     0.00000     0.00000     0.60012
    11.62400     3.56008     0.00000     0.00000    -0.05235     0.00000     0.00000     0.60012
    11.62500     3.56002     0.00000     0.00000    -0.05156     0.00000     0.00000     0.60012
    11.62600     3.55997     0.00000     0.00000    -0.05076     0.00000     0.00000     0.60012
    11.62700     3.55992     0.00000     0.00000    -0.04996     0.00000     0.00000     0.60012
    11.62800     3.55987     0.00000     0.00000    -0.04915     0.00000     0.00000     0.60012
    11.62900     3.55982     0.00000     0.00000    -0.04833     0.00000     0.00000     0.60012
    11.63000     3.55978     0.00000     0.00000    -0.04751     0.00000     0.00000     0.60012
    11.63100     3.55973     0.00000     0.00000    -0.04667     0.00000     0.00000     0.60012
    11.63200     3.55968     0.00000     0.00000    -0.04583     0.00000     0.00000     0.60012
    11.63300     3.55964     0.00000     0.00000    -0.04498     0.00000     0.00000     0.60012
    11.63400     3.55959     0.00000     0.00000    -0.04412     0.00000     0.00000     0.60012
    11.63500     3.55955     0.00000     0.00000    -0.04325     0.00000     0.00000     0.60012
    11.63600     3.55951     0.00000     0.00000    -0.04238     0.00000     0.00000     0.60012
    11.63700     3.55947     0.00000     0.00000    -0.04150     0.00000     0.00000     0.60012
    11.63800     3.55942     0.00000     0.00000    -0.04061     0.00000     0.00000     0.60012
    11.63900     3.55938     0.00000     0.00000    -0.03971     0.00000     0.00000     0.60012
    11.64000     3.55935     0.00000     0.00000    -0.03880     0.00000     0.00000     0.60012
    11.64100     3.55931     0.00000     0.00000    -0.03789     0.00000     0.00000     0.60012
    11.64200     3.55927     0.00000     0.00000    -0.03697     0.00000     0.00000     0.60012
    11.64300     3.55923     0.00000     0.00000    -0.03603     0.00000     0.00000     0.60012
    11.64400     3.55920     0.00000     0.00000    -0.03510     0.00000     0.00000     0.60012
    11.64500     3.55916     0.00000     0.00000    -0.03415     0.00000     0.00000     0.60012
    11.64600     3.55913     0.00000     0.00000    -0.03319     0.00000     0.00000     0.60012
    11.64700     3.55910     0.00000     0.00000    -0.03223     0.00000     0.00000     0.60012
    11.64800     3.55906     0.00000     0.00000    -0.03125     0.00000     0.00000     0.60012
    11.64900     3.55903     0.00000     0.00000    -0.03027     0.00000     0.00000     0.60012
    11.65000     3.55900     0.00000     0.00000    -0.02928     0.00000     0.00000     0.60012
    11.65100     3.55898     0.00000     0.00000    -0.02829     0.00000     0.00000     0.60012
    11.65200     3.55895     0.00000     0.00000    -0.02728     0.00000     0.00000     0.60012
    11.65300     3.55892     0.00000     0.00000    -0.02626     0.00000     0.00000     0.60012
    11.65400     3.55890     0.00000     0.00000    -0.02524     0.00000     0.00000     0.60012
    11.65500     3.55887     0.00000     0.00000    -0.02421     0.00000     0.00000     0.60012
    11.65600     3.55885     0.00000     0.00000    -0.02317     0.00000     0.00000     0.60012
    11.65700     3.55882     0.00000     0.00000    -0.02212     0.00000     0.00000     0.60012
    11.65800     3.55880     0.00000     0.00000    -0.02106     0.00000     0.00000     0.60012
    11.65900     3.55878     0.00000     0.00000    -0.01999     0.00000     0.00000     0.60012
    11.66000     3.55876     0.00000     0.00000    -0.01891     0.00000     0.00000     0.60012
    11.66100     3.55874     0.00000     0.00000    -0.01783     0.00000     0.00000     0.60012
    11.66200     3.55873     0.00000     0.00000    -0.01673     0.00000     0.00000     0.60012
    11.66300     3.55871     0.00000     0.00000    -0.01563     0.00000     0.00000     0.60012
    11.66400     3.55870     0.00000     0.00000    -0.01452     0.00000     0.00000     0.60012
    11.66500     3.55868     0.00000     0.00000    -0.01339     0.00000     0.00000     0.60012
    11.66600     3.55867     0.00000     0.00000    -0.01226     0.00000     0.00000     0.60012
    11.66700     3.55866     0.00000     0.00000    -0.01112     0.00000     0.00000     0.60012
    11.66800     3.55865     0.00000     0.00000    -0.00997     0.00000     0.00000     0.60012
    11.66900     3.55864     0.00000     0.00000    -0.00882     0.00000     0.00000     0.60012
    11.67000     3.55863     0.00000     0.00000    -0.00765     0.00000     0.00000     0.60012
    11.67100     3.55862     0.00000     0.00000    -0.00647     0.00000     0.00000     0.60012
    11.67200     3.55862     0.00000     0.00000    -0.00529     0.00000     0.00000     0.60012
    11.67300     3.55861     0.00000     0.00000    -0.00409     0.00000     0.00000     0.60012
    11.67400     3.55861     0.00000     0.00000    -0.00289     0.00000     0.00000     0.60012
    11.67500     3.55860     0.00000     0.00000    -0.00167     0.00000     0.00000     0.60012
    11.67600     3.55860     0.00000     0.00000    -0.00045     0.00000     0.00000     0.60012
    11.67700     3.55860     0.00000     0.00000     0.00079     0.00000     0.00000     0.60012
    11.67800     3.55861     0.00000     0.00000     0.00203     0.00000     0.00000     0.60012
    11.67900     3.55861     0.00000     0.00000     0.00328     0.00000     0.00000     0.60012
    11.68000     3.55861     0.00000     0.00000     0.00454     0.00000     0.00000     0.60012
    11.68100     3.55862     0.00000     0.00000     0.00582     0.00000     0.00000     0.60012
    11.68200     3.55862     0.00000     0.00000     0.00710     0.00000     0.00000     0.60012
    11.68300     3.55863     0.00000     0.00000     0.00839     0.00000     0.00000     0.60012
    11.68400     3.55864     0.00000     0.00000     0.00969     0.00000     0.00000     0.60012
    11.68500     3.55865     0.00000     0.00000     0.01100     0.00000     0.00000     0.60012
    11.68600     3.55866     0.00000     0.00000     0.01232     0.00000     0.00000     0.60012
    11.68700     3.55868     0.00000     0.00000     0.01365     0.00000     0.00000     0.60012
    11.68800     3.55869     0.00000     0.00000     0.01499     0.00000     0.00000     0.60012
    11.68900     3.55871     0.00000     0.00000     0.01634     0.00000     0.00000     0.60012
    11.69000     3.55872     0.00000     0.00000     0.01770     0.00000     0.00000     0.60012
    11.69100     3.55874     0.00000     0.00000     0.01907     0.00000     0.00000     0.60012
    11.69200     3.55876     0.00000     0.00000     0.02045     0.00000     0.00000     0.60012
    11.69300     3.55878     0.00000     0.00000     0.02184     0.00000     0.00000     0.60012
    11.69400     3.55880     0.00000     0.00000     0.02325     0.00000     0.00000     0.60012
    11.69500     3.55883     0.00000     0.00000     0.02466     0.00000     0.00000     0.60012
    11.69600     3.55885     0.00000     0.00000     0.02608     0.00000     0.00000     0.60012
    11.69700     3.55888     0.00000     0.00000     0.02751     0.00000     0.00000     0.60012
    11.69800     3.55891     0.00000     0.00000     0.02895     0.00000     0.00000     0.60012
    11.69900     3.55894     0.00000     0.00000     0.03040     0.00000     0.00000     0.60012
    11.70000     3.55897     0.00000     0.00000     0.03187     0.00000     0.00000     0.60012
    11.70100     3.55900     0.00000     0.00000     0.03334     0.00000     0.00000     0.60012
    11.70200     3.55903     0.00000     0.00000     0.03482     0.00000     0.00000     0.60012
    11.70300     3.55907     0.00000     0.00000     0.03632     0.00000     0.00000     0.60012
    11.70400     3.55911     0.00000     0.00000     0.03782     0.00000     0.00000     0.60012
    11.70500     3.55915     0.00000     0.00000     0.03934     0.00000     0.00000     0.60012
    11.70600     3.55919     0.00000     0.00000     0.04086     0.00000     0.00000     0.60012
    11.70700     3.55923     0.00000     0.00000     0.04240     0.00000     0.00000     0.60012
    11.70800     3.55927     0.00000     0.00000     0.04394     0.00000     0.00000     0.60012
    11.70900     3.55932     0.00000     0.00000     0.04550     0.00000     0.00000     0.60012
    11.71000     3.55936     0.00000     0.00000     0.04707     0.00000     0.00000     0.60012
    11.71100     3.55941     0.00000     0.00000     0.04865     0.00000     0.00000     0.60012
    11.71200     3.55946     0.00000     0.00000     0.05024     0.00000     0.00000     0.60012
    11.71300     3.55951     0.00000     0.00000     0.05184     0.00000     0.00000     0.60012
    11.71400     3.55956     0.00000     0.00000     0.05345     0.00000     0.00000     0.60012
    11.71500     3.55962     0.00000     0.00000     0.05507     0.00000     0.00000     0.60012
    11.71600     3.55967     0.00000     0.00000     0.05670     0.00000     0.00000     0.60012
    11.71700     3.55973     0.00000     0.00000     0.05835     0.00000     0.00000     0.60012
    11.71800     3.55979     0.00000     0.00000     0.06000     0.00000     0.00000     0.60012
    11.71900     3.55985     0.00000     0.00000     0.06167     0.00000     0.00000     0.60012
    11.72000     3.55991     0.00000     0.00000     0.06334     0.00000     0.00000     0.60012
    11.72100     3.55998     0.00000     0.00000     0.06503     0.00000     0.00000     0.60012
    11.72200     3.56004     0.00000     0.00000     0.06673     0.00000     0.00000     0.60012
    11.72300     3.56011     0.00000     0.00000     0.06844     0.00000     0.00000     0.60012
    11.72400     3.56018     0.00000     0.00000     0.07016     0.00000     0.00000     0.60012
    11.72500     3.56025     0.00000     0.00000     0.07189     0.00000     0.00000     0.60012
    11.72600     3.56032     0.00000     0.00000     0.07364     0.00000     0.00000     0.60012
    11.72700     3.56040     0.00000     0.00000     0.07539     0.00000     0.00000     0.60012
    11.72800     3.56047     0.00000     0.00000     0.07715     0.00000     0.00000     0.60012
    11.72900     3.56055     0.00000     0.00000     0.07893     0.00000     0.00000     0.60012
    11.73000     3.56063     0.00000     0.00000     0.08072     0.00000     0.00000     0.60012
    11.73100     3.56071     0.00000     0.00000     0.08252     0.00000     0.00000     0.60012
    11.73200     3.56080     0.00000     0.00000     0.08433     0.00000     0.00000     0.60012
    11.73300     3.56088     0.00000     0.00000     0.08615     0.00000     0.00000     0.60012
    11.73400     3.56097     0.00000     0.00000     0.08798     0.00000     0.00000     0.60012
    11.73500     3.56106     0.00000     0.00000     0.08982     0.00000     0.00000     0.60012
    11.73600     3.56115     0.00000     0.00000     0.09168     0.00000     0.00000     0.60012
    11.73700     3.56124     0.00000     0.00000     0.09355     0.00000     0.00000     0.60012
    11.73800     3.56134     0.00000     0.00000     0.09542     0.00000     0.00000     0.60012
    11.73900     3.56143     0.00000     0.00000     0.09731     0.00000     0.00000     0.60012
    11.74000     3.56153     0.00000     0.00000     0.09921     0.00000     0.00000     0.60012
    11.74100     3.56163     0.00000     0.00000     0.10113     0.00000     0.00000     0.60012
    11.74200     3.56173     0.00000     0.00000     0.10305     0.00000     0.00000     0.60012
    11.74300     3.56184     0.00000     0.00000     0.10498     0.00000     0.00000     0.60012
    11.74400     3.56194     0.00000     0.00000     0.10693     0.00000     0.00000     0.60012
    11.74500     3.56205     0.00000     0.00000     0.10889     0.00000     0.00000     0.60012
    11.74600     3.56216     0.00000     0.00000     0.11086     0.00000     0.00000     0.60012
    11.74700     3.56227     0.00000     0.00000     0.11284     0.00000     0.00000     0.60012
